sensor_id;sensor_type;location;lat;lon;timestamp;P1;durP1;ratioP1;P2;durP2;ratioP2
25591;SDS011;13470;53.37312025;-1.41825020;2020-01-22T00:06:01;6.78;;;3.42;;
25591;SDS011;13470;53.37312025;-1.41825020;2020-01-22T00:08:29;8.68;;;3.67;;
25591;SDS011;13470;53.37312025;-1.41825020;2020-01-22T00:10:56;5.95;;;3.05;;
25591;SDS011;13470;53.37312025;-1.41825020;2020-01-22T00:13:24;8.82;;;3.62;;
25591;SDS011;13470;53.37312025;-1.41825020;2020-01-22T00:18:32;5.70;;;2.60;;
25591;SDS011;13470;53.37312025;-1.41825020;2020-01-22T00:20:58;8.05;;;3.30;;
25591;SDS011;13470;53.37312025;-1.41825020;2020-01-22T00:26:07;5.50;;;2.75;;
25591;SDS011;13470;53.37312025;-1.41825020;2020-01-22T00:33:45;6.07;;;2.90;;
25591;SDS011;13470;53.37312025;-1.41825020;2020-01-22T00:38:56;30.15;;;19.77;;
25591;SDS011;13470;53.37312025;-1.41825020;2020-01-22T00:41:31;26.55;;;14.90;;
25591;SDS011;13470;53.37312025;-1.41825020;2020-01-22T00:44:06;23.10;;;13.73;;
25591;SDS011;13470;53.37312025;-1.41825020;2020-01-22T00:49:19;25.77;;;13.13;;
25591;SDS011;13470;53.37312025;-1.41825020;2020-01-22T00:51:48;18.02;;;11.05;;
25591;SDS011;13470;53.37312025;-1.41825020;2020-01-22T00:54:13;14.40;;;8.77;;
25591;SDS011;13470;53.37312025;-1.41825020;2020-01-22T00:56:39;13.00;;;7.57;;
25591;SDS011;13470;53.37312025;-1.41825020;2020-01-22T00:59:04;15.50;;;8.60;;
25591;SDS011;13470;53.37312025;-1.41825020;2020-01-22T01:03:58;16.20;;;8.73;;
25591;SDS011;13470;53.37312025;-1.41825020;2020-01-22T01:06:24;18.33;;;8.50;;
25591;SDS011;13470;53.37312025;-1.41825020;2020-01-22T01:09:15;11.80;;;5.25;;
25591;SDS011;13470;53.37312025;-1.41825020;2020-01-22T01:11:56;8.57;;;4.85;;
25591;SDS011;13470;53.37312025;-1.41825020;2020-01-22T01:14:59;11.52;;;4.03;;
25591;SDS011;13470;53.37312025;-1.41825020;2020-01-22T01:17:27;6.55;;;3.50;;
25591;SDS011;13470;53.37312025;-1.41825020;2020-01-22T01:19:52;4.60;;;2.50;;
25591;SDS011;13470;53.37312025;-1.41825020;2020-01-22T01:22:20;6.00;;;2.15;;
25591;SDS011;13470;53.37312025;-1.41825020;2020-01-22T01:24:46;6.32;;;2.85;;
25591;SDS011;13470;53.37312025;-1.41825020;2020-01-22T01:27:30;5.20;;;2.28;;
25591;SDS011;13470;53.37312025;-1.41825020;2020-01-22T01:29:55;6.03;;;2.72;;
25591;SDS011;13470;53.37312025;-1.41825020;2020-01-22T01:32:20;6.80;;;3.35;;
25591;SDS011;13470;53.37312025;-1.41825020;2020-01-22T01:34:46;9.07;;;3.67;;
25591;SDS011;13470;53.37312025;-1.41825020;2020-01-22T01:37:12;4.90;;;2.70;;
25591;SDS011;13470;53.37312025;-1.41825020;2020-01-22T01:39:37;9.63;;;3.62;;
25591;SDS011;13470;53.37312025;-1.41825020;2020-01-22T01:42:03;6.43;;;3.33;;
25591;SDS011;13470;53.37312025;-1.41825020;2020-01-22T01:44:32;9.02;;;3.45;;
25591;SDS011;13470;53.37312025;-1.41825020;2020-01-22T01:46:57;5.47;;;2.67;;
25591;SDS011;13470;53.37312025;-1.41825020;2020-01-22T01:49:22;5.35;;;3.17;;
25591;SDS011;13470;53.37312025;-1.41825020;2020-01-22T01:51:48;5.80;;;3.22;;
25591;SDS011;13470;53.37312025;-1.41825020;2020-01-22T01:54:13;5.75;;;3.33;;
25591;SDS011;13470;53.37312025;-1.41825020;2020-01-22T01:56:38;6.93;;;3.12;;
25591;SDS011;13470;53.37312025;-1.41825020;2020-01-22T01:59:13;6.45;;;2.58;;
25591;SDS011;13470;53.37312025;-1.41825020;2020-01-22T02:01:39;8.75;;;2.78;;
25591;SDS011;13470;53.37312025;-1.41825020;2020-01-22T02:04:05;4.03;;;2.40;;
25591;SDS011;13470;53.37312025;-1.41825020;2020-01-22T02:06:32;5.43;;;2.30;;
25591;SDS011;13470;53.37312025;-1.41825020;2020-01-22T02:08:57;4.43;;;2.28;;
25591;SDS011;13470;53.37312025;-1.41825020;2020-01-22T02:11:22;3.25;;;1.60;;
25591;SDS011;13470;53.37312025;-1.41825020;2020-01-22T02:13:48;3.97;;;1.92;;
25591;SDS011;13470;53.37312025;-1.41825020;2020-01-22T02:16:13;6.07;;;2.25;;
25591;SDS011;13470;53.37312025;-1.41825020;2020-01-22T02:18:39;3.90;;;1.95;;
25591;SDS011;13470;53.37312025;-1.41825020;2020-01-22T02:21:07;2.70;;;1.50;;
25591;SDS011;13470;53.37312025;-1.41825020;2020-01-22T02:23:32;2.73;;;1.33;;
25591;SDS011;13470;53.37312025;-1.41825020;2020-01-22T02:26:01;5.43;;;1.90;;
25591;SDS011;13470;53.37312025;-1.41825020;2020-01-22T02:28:26;4.57;;;1.30;;
25591;SDS011;13470;53.37312025;-1.41825020;2020-01-22T02:30:52;4.32;;;1.77;;
25591;SDS011;13470;53.37312025;-1.41825020;2020-01-22T02:33:18;5.28;;;1.87;;
25591;SDS011;13470;53.37312025;-1.41825020;2020-01-22T02:35:51;4.80;;;1.62;;
25591;SDS011;13470;53.37312025;-1.41825020;2020-01-22T02:38:17;4.25;;;1.80;;
25591;SDS011;13470;53.37312025;-1.41825020;2020-01-22T02:40:45;4.30;;;1.80;;
25591;SDS011;13470;53.37312025;-1.41825020;2020-01-22T02:43:11;7.60;;;2.30;;
25591;SDS011;13470;53.37312025;-1.41825020;2020-01-22T02:46:02;4.28;;;1.90;;
25591;SDS011;13470;53.37312025;-1.41825020;2020-01-22T02:48:53;3.30;;;1.95;;
25591;SDS011;13470;53.37312025;-1.41825020;2020-01-22T02:51:19;3.45;;;2.05;;
25591;SDS011;13470;53.37312025;-1.41825020;2020-01-22T02:53:44;4.85;;;2.22;;
25591;SDS011;13470;53.37312025;-1.41825020;2020-01-22T02:56:10;4.12;;;1.90;;
25591;SDS011;13470;53.37312025;-1.41825020;2020-01-22T02:58:41;5.18;;;2.33;;
25591;SDS011;13470;53.37312025;-1.41825020;2020-01-22T03:01:07;5.22;;;2.28;;
25591;SDS011;13470;53.37312025;-1.41825020;2020-01-22T03:03:33;4.18;;;2.05;;
25591;SDS011;13470;53.37312025;-1.41825020;2020-01-22T03:06:01;6.87;;;2.55;;
25591;SDS011;13470;53.37312025;-1.41825020;2020-01-22T03:08:26;6.55;;;2.92;;
25591;SDS011;13470;53.37312025;-1.41825020;2020-01-22T03:10:52;5.97;;;2.75;;
25591;SDS011;13470;53.37312025;-1.41825020;2020-01-22T03:13:19;3.78;;;2.33;;
25591;SDS011;13470;53.37312025;-1.41825020;2020-01-22T03:15:45;5.72;;;2.62;;
25591;SDS011;13470;53.37312025;-1.41825020;2020-01-22T03:18:11;7.05;;;2.40;;
25591;SDS011;13470;53.37312025;-1.41825020;2020-01-22T03:20:37;8.25;;;3.33;;
25591;SDS011;13470;53.37312025;-1.41825020;2020-01-22T03:23:03;6.45;;;3.03;;
25591;SDS011;13470;53.37312025;-1.41825020;2020-01-22T03:25:28;7.18;;;2.55;;
25591;SDS011;13470;53.37312025;-1.41825020;2020-01-22T03:27:54;3.30;;;1.73;;
25591;SDS011;13470;53.37312025;-1.41825020;2020-01-22T03:30:19;7.62;;;2.83;;
25591;SDS011;13470;53.37312025;-1.41825020;2020-01-22T03:32:58;6.05;;;2.72;;
25591;SDS011;13470;53.37312025;-1.41825020;2020-01-22T03:35:23;4.90;;;2.92;;
25591;SDS011;13470;53.37312025;-1.41825020;2020-01-22T03:37:49;6.32;;;2.55;;
25591;SDS011;13470;53.37312025;-1.41825020;2020-01-22T03:40:14;5.00;;;2.42;;
25591;SDS011;13470;53.37312025;-1.41825020;2020-01-22T03:42:39;6.32;;;2.70;;
25591;SDS011;13470;53.37312025;-1.41825020;2020-01-22T03:45:05;6.62;;;2.92;;
25591;SDS011;13470;53.37312025;-1.41825020;2020-01-22T03:47:31;6.03;;;2.95;;
25591;SDS011;13470;53.37312025;-1.41825020;2020-01-22T03:49:56;7.82;;;3.70;;
25591;SDS011;13470;53.37312025;-1.41825020;2020-01-22T03:52:21;7.70;;;3.33;;
25591;SDS011;13470;53.37312025;-1.41825020;2020-01-22T03:54:47;5.47;;;2.72;;
25591;SDS011;13470;53.37312025;-1.41825020;2020-01-22T03:57:15;6.97;;;2.85;;
25591;SDS011;13470;53.37312025;-1.41825020;2020-01-22T03:59:40;11.57;;;3.75;;
25591;SDS011;13470;53.37312025;-1.41825020;2020-01-22T04:02:05;7.15;;;3.50;;
25591;SDS011;13470;53.37312025;-1.41825020;2020-01-22T04:04:31;7.10;;;2.80;;
25591;SDS011;13470;53.37312025;-1.41825020;2020-01-22T04:07:02;6.18;;;2.70;;
25591;SDS011;13470;53.37312025;-1.41825020;2020-01-22T04:09:27;4.70;;;2.85;;
25591;SDS011;13470;53.37312025;-1.41825020;2020-01-22T04:11:53;5.90;;;2.72;;
25591;SDS011;13470;53.37312025;-1.41825020;2020-01-22T04:14:38;4.22;;;1.83;;
25591;SDS011;13470;53.37312025;-1.41825020;2020-01-22T04:17:03;2.80;;;1.50;;
25591;SDS011;13470;53.37312025;-1.41825020;2020-01-22T04:19:29;5.62;;;2.22;;
25591;SDS011;13470;53.37312025;-1.41825020;2020-01-22T04:22:00;4.55;;;1.70;;
25591;SDS011;13470;53.37312025;-1.41825020;2020-01-22T04:24:25;4.22;;;2.05;;
25591;SDS011;13470;53.37312025;-1.41825020;2020-01-22T04:26:53;3.62;;;2.10;;
25591;SDS011;13470;53.37312025;-1.41825020;2020-01-22T04:29:19;5.32;;;2.53;;
25591;SDS011;13470;53.37312025;-1.41825020;2020-01-22T04:31:44;5.65;;;2.33;;
25591;SDS011;13470;53.37312025;-1.41825020;2020-01-22T04:34:36;3.72;;;1.98;;
25591;SDS011;13470;53.37312025;-1.41825020;2020-01-22T04:37:01;3.72;;;1.62;;
25591;SDS011;13470;53.37312025;-1.41825020;2020-01-22T04:39:27;5.55;;;1.85;;
25591;SDS011;13470;53.37312025;-1.41825020;2020-01-22T04:41:53;3.95;;;1.98;;
25591;SDS011;13470;53.37312025;-1.41825020;2020-01-22T04:44:18;5.43;;;2.05;;
25591;SDS011;13470;53.37312025;-1.41825020;2020-01-22T04:46:44;5.05;;;2.00;;
25591;SDS011;13470;53.37312025;-1.41825020;2020-01-22T04:49:09;2.65;;;1.60;;
25591;SDS011;13470;53.37312025;-1.41825020;2020-01-22T04:51:37;4.62;;;1.80;;
25591;SDS011;13470;53.37312025;-1.41825020;2020-01-22T04:54:05;6.22;;;2.92;;
25591;SDS011;13470;53.37312025;-1.41825020;2020-01-22T04:56:30;5.50;;;2.20;;
25591;SDS011;13470;53.37312025;-1.41825020;2020-01-22T04:58:56;3.00;;;1.40;;
25591;SDS011;13470;53.37312025;-1.41825020;2020-01-22T05:01:21;3.40;;;1.83;;
25591;SDS011;13470;53.37312025;-1.41825020;2020-01-22T05:03:47;5.65;;;2.00;;
25591;SDS011;13470;53.37312025;-1.41825020;2020-01-22T05:06:15;5.15;;;2.10;;
25591;SDS011;13470;53.37312025;-1.41825020;2020-01-22T05:08:40;4.55;;;1.95;;
25591;SDS011;13470;53.37312025;-1.41825020;2020-01-22T05:11:06;4.25;;;2.00;;
25591;SDS011;13470;53.37312025;-1.41825020;2020-01-22T05:13:31;8.75;;;2.90;;
25591;SDS011;13470;53.37312025;-1.41825020;2020-01-22T05:15:57;5.53;;;2.80;;
25591;SDS011;13470;53.37312025;-1.41825020;2020-01-22T05:18:22;4.90;;;2.65;;
25591;SDS011;13470;53.37312025;-1.41825020;2020-01-22T05:20:52;7.05;;;2.62;;
25591;SDS011;13470;53.37312025;-1.41825020;2020-01-22T05:23:17;7.90;;;4.45;;
25591;SDS011;13470;53.37312025;-1.41825020;2020-01-22T05:25:43;8.13;;;4.20;;
25591;SDS011;13470;53.37312025;-1.41825020;2020-01-22T05:28:08;5.00;;;3.33;;
25591;SDS011;13470;53.37312025;-1.41825020;2020-01-22T05:30:34;4.82;;;2.37;;
25591;SDS011;13470;53.37312025;-1.41825020;2020-01-22T05:32:59;8.40;;;2.65;;
25591;SDS011;13470;53.37312025;-1.41825020;2020-01-22T05:35:24;7.72;;;2.95;;
25591;SDS011;13470;53.37312025;-1.41825020;2020-01-22T05:37:50;8.68;;;2.95;;
25591;SDS011;13470;53.37312025;-1.41825020;2020-01-22T05:40:18;6.72;;;2.67;;
25591;SDS011;13470;53.37312025;-1.41825020;2020-01-22T05:42:44;8.52;;;3.10;;
25591;SDS011;13470;53.37312025;-1.41825020;2020-01-22T05:45:09;4.45;;;2.20;;
25591;SDS011;13470;53.37312025;-1.41825020;2020-01-22T05:47:42;5.25;;;2.85;;
25591;SDS011;13470;53.37312025;-1.41825020;2020-01-22T05:50:15;13.15;;;5.25;;
25591;SDS011;13470;53.37312025;-1.41825020;2020-01-22T05:52:41;10.73;;;4.43;;
25591;SDS011;13470;53.37312025;-1.41825020;2020-01-22T05:55:06;8.02;;;4.05;;
25591;SDS011;13470;53.37312025;-1.41825020;2020-01-22T05:57:31;8.57;;;2.90;;
25591;SDS011;13470;53.37312025;-1.41825020;2020-01-22T05:59:57;5.60;;;2.45;;
25591;SDS011;13470;53.37312025;-1.41825020;2020-01-22T06:02:22;3.47;;;1.77;;
25591;SDS011;13470;53.37312025;-1.41825020;2020-01-22T06:04:58;5.12;;;1.90;;
25591;SDS011;13470;53.37312025;-1.41825020;2020-01-22T06:07:24;4.90;;;1.70;;
25591;SDS011;13470;53.37312025;-1.41825020;2020-01-22T06:09:52;3.97;;;1.40;;
25591;SDS011;13470;53.37312025;-1.41825020;2020-01-22T06:12:17;2.40;;;1.17;;
25591;SDS011;13470;53.37312025;-1.41825020;2020-01-22T06:14:43;2.00;;;1.00;;
25591;SDS011;13470;53.37312025;-1.41825020;2020-01-22T06:17:08;3.42;;;1.55;;
25591;SDS011;13470;53.37312025;-1.41825020;2020-01-22T06:19:34;2.95;;;1.65;;
25591;SDS011;13470;53.37312025;-1.41825020;2020-01-22T06:21:59;3.08;;;1.52;;
25591;SDS011;13470;53.37312025;-1.41825020;2020-01-22T06:24:25;3.55;;;1.58;;
25591;SDS011;13470;53.37312025;-1.41825020;2020-01-22T06:26:50;4.07;;;1.27;;
25591;SDS011;13470;53.37312025;-1.41825020;2020-01-22T06:29:15;1.90;;;1.25;;
25591;SDS011;13470;53.37312025;-1.41825020;2020-01-22T06:31:41;3.12;;;1.40;;
25591;SDS011;13470;53.37312025;-1.41825020;2020-01-22T06:34:06;3.42;;;1.67;;
25591;SDS011;13470;53.37312025;-1.41825020;2020-01-22T06:36:31;4.20;;;1.40;;
25591;SDS011;13470;53.37312025;-1.41825020;2020-01-22T06:38:57;3.12;;;1.42;;
25591;SDS011;13470;53.37312025;-1.41825020;2020-01-22T06:41:22;6.10;;;1.80;;
25591;SDS011;13470;53.37312025;-1.41825020;2020-01-22T06:43:47;3.90;;;1.60;;
25591;SDS011;13470;53.37312025;-1.41825020;2020-01-22T06:46:13;3.10;;;1.55;;
25591;SDS011;13470;53.37312025;-1.41825020;2020-01-22T06:48:41;4.40;;;1.73;;
25591;SDS011;13470;53.37312025;-1.41825020;2020-01-22T06:51:07;3.05;;;1.62;;
25591;SDS011;13470;53.37312025;-1.41825020;2020-01-22T06:53:32;4.55;;;1.48;;
25591;SDS011;13470;53.37312025;-1.41825020;2020-01-22T06:55:57;4.50;;;1.52;;
25591;SDS011;13470;53.37312025;-1.41825020;2020-01-22T06:58:23;2.78;;;1.27;;
25591;SDS011;13470;53.37312025;-1.41825020;2020-01-22T07:00:51;5.78;;;1.85;;
25591;SDS011;13470;53.37312025;-1.41825020;2020-01-22T07:03:16;2.83;;;1.27;;
25591;SDS011;13470;53.37312025;-1.41825020;2020-01-22T07:05:45;3.33;;;1.35;;
25591;SDS011;13470;53.37312025;-1.41825020;2020-01-22T07:08:10;3.40;;;2.12;;
25591;SDS011;13470;53.37312025;-1.41825020;2020-01-22T07:10:35;14.20;;;5.70;;
25591;SDS011;13470;53.37312025;-1.41825020;2020-01-22T07:13:01;9.25;;;4.57;;
25591;SDS011;13470;53.37312025;-1.41825020;2020-01-22T07:15:26;6.68;;;2.30;;
25591;SDS011;13470;53.37312025;-1.41825020;2020-01-22T07:17:52;4.90;;;2.28;;
25591;SDS011;13470;53.37312025;-1.41825020;2020-01-22T07:20:19;6.78;;;2.35;;
25591;SDS011;13470;53.37312025;-1.41825020;2020-01-22T07:22:44;11.07;;;4.55;;
25591;SDS011;13470;53.37312025;-1.41825020;2020-01-22T07:25:13;11.30;;;4.18;;
25591;SDS011;13470;53.37312025;-1.41825020;2020-01-22T07:27:38;11.25;;;4.12;;
25591;SDS011;13470;53.37312025;-1.41825020;2020-01-22T07:30:04;5.25;;;2.47;;
25591;SDS011;13470;53.37312025;-1.41825020;2020-01-22T07:32:29;8.75;;;3.47;;
25591;SDS011;13470;53.37312025;-1.41825020;2020-01-22T07:34:54;8.32;;;3.33;;
25591;SDS011;13470;53.37312025;-1.41825020;2020-01-22T07:37:20;4.68;;;2.33;;
25591;SDS011;13470;53.37312025;-1.41825020;2020-01-22T07:39:45;3.95;;;2.05;;
25591;SDS011;13470;53.37312025;-1.41825020;2020-01-22T07:42:11;5.10;;;2.50;;
25591;SDS011;13470;53.37312025;-1.41825020;2020-01-22T07:44:36;3.40;;;1.58;;
25591;SDS011;13470;53.37312025;-1.41825020;2020-01-22T07:47:02;4.75;;;2.40;;
25591;SDS011;13470;53.37312025;-1.41825020;2020-01-22T07:49:33;5.68;;;2.15;;
25591;SDS011;13470;53.37312025;-1.41825020;2020-01-22T07:51:58;4.68;;;1.83;;
25591;SDS011;13470;53.37312025;-1.41825020;2020-01-22T07:54:23;6.62;;;3.67;;
25591;SDS011;13470;53.37312025;-1.41825020;2020-01-22T07:56:49;5.47;;;2.70;;
25591;SDS011;13470;53.37312025;-1.41825020;2020-01-22T07:59:47;3.50;;;1.67;;
25591;SDS011;13470;53.37312025;-1.41825020;2020-01-22T08:02:15;6.47;;;3.12;;
25591;SDS011;13470;53.37312025;-1.41825020;2020-01-22T08:04:40;5.40;;;2.22;;
25591;SDS011;13470;53.37312025;-1.41825020;2020-01-22T08:07:06;2.70;;;1.20;;
25591;SDS011;13470;53.37312025;-1.41825020;2020-01-22T08:09:31;4.22;;;2.60;;
25591;SDS011;13470;53.37312025;-1.41825020;2020-01-22T08:11:56;3.85;;;2.45;;
25591;SDS011;13470;53.37312025;-1.41825020;2020-01-22T08:14:22;2.37;;;1.60;;
25591;SDS011;13470;53.37312025;-1.41825020;2020-01-22T08:16:47;4.35;;;2.05;;
25591;SDS011;13470;53.37312025;-1.41825020;2020-01-22T08:19:13;4.60;;;1.95;;
25591;SDS011;13470;53.37312025;-1.41825020;2020-01-22T08:21:38;3.10;;;1.77;;
25591;SDS011;13470;53.37312025;-1.41825020;2020-01-22T08:24:07;3.80;;;1.83;;
25591;SDS011;13470;53.37312025;-1.41825020;2020-01-22T08:26:32;8.65;;;2.95;;
25591;SDS011;13470;53.37312025;-1.41825020;2020-01-22T08:28:57;3.25;;;1.70;;
25591;SDS011;13470;53.37312025;-1.41825020;2020-01-22T08:31:23;3.45;;;1.67;;
25591;SDS011;13470;53.37312025;-1.41825020;2020-01-22T08:33:51;4.37;;;1.40;;
25591;SDS011;13470;53.37312025;-1.41825020;2020-01-22T08:36:16;3.40;;;1.98;;
25591;SDS011;13470;53.37312025;-1.41825020;2020-01-22T08:38:42;3.85;;;1.80;;
25591;SDS011;13470;53.37312025;-1.41825020;2020-01-22T08:41:07;4.60;;;1.83;;
25591;SDS011;13470;53.37312025;-1.41825020;2020-01-22T08:43:32;5.28;;;2.10;;
25591;SDS011;13470;53.37312025;-1.41825020;2020-01-22T08:45:58;3.40;;;2.03;;
25591;SDS011;13470;53.37312025;-1.41825020;2020-01-22T08:48:23;5.25;;;2.40;;
25591;SDS011;13470;53.37312025;-1.41825020;2020-01-22T08:50:48;4.55;;;2.25;;
25591;SDS011;13470;53.37312025;-1.41825020;2020-01-22T08:53:14;3.83;;;2.17;;
25591;SDS011;13470;53.37312025;-1.41825020;2020-01-22T08:55:39;4.15;;;2.20;;
25591;SDS011;13470;53.37312025;-1.41825020;2020-01-22T08:58:05;4.62;;;2.17;;
25591;SDS011;13470;53.37312025;-1.41825020;2020-01-22T09:00:30;3.05;;;1.30;;
25591;SDS011;13470;53.37312025;-1.41825020;2020-01-22T09:02:58;4.12;;;1.83;;
25591;SDS011;13470;53.37312025;-1.41825020;2020-01-22T09:05:24;3.75;;;1.98;;
25591;SDS011;13470;53.37312025;-1.41825020;2020-01-22T09:07:49;1.73;;;1.17;;
25591;SDS011;13470;53.37312025;-1.41825020;2020-01-22T09:10:17;6.20;;;1.92;;
25591;SDS011;13470;53.37312025;-1.41825020;2020-01-22T09:12:43;4.32;;;1.80;;
25591;SDS011;13470;53.37312025;-1.41825020;2020-01-22T09:15:11;3.10;;;1.37;;
25591;SDS011;13470;53.37312025;-1.41825020;2020-01-22T09:17:37;4.22;;;1.62;;
25591;SDS011;13470;53.37312025;-1.41825020;2020-01-22T09:20:02;6.15;;;2.35;;
25591;SDS011;13470;53.37312025;-1.41825020;2020-01-22T09:22:28;4.57;;;2.42;;
25591;SDS011;13470;53.37312025;-1.41825020;2020-01-22T09:24:53;7.65;;;3.67;;
25591;SDS011;13470;53.37312025;-1.41825020;2020-01-22T09:27:18;7.68;;;5.07;;
25591;SDS011;13470;53.37312025;-1.41825020;2020-01-22T09:29:44;8.30;;;4.90;;
25591;SDS011;13470;53.37312025;-1.41825020;2020-01-22T09:32:09;5.55;;;2.92;;
25591;SDS011;13470;53.37312025;-1.41825020;2020-01-22T09:34:34;8.82;;;3.55;;
25591;SDS011;13470;53.37312025;-1.41825020;2020-01-22T09:37:00;8.10;;;4.60;;
25591;SDS011;13470;53.37312025;-1.41825020;2020-01-22T09:39:31;8.25;;;3.37;;
25591;SDS011;13470;53.37312025;-1.41825020;2020-01-22T09:41:56;6.18;;;2.95;;
25591;SDS011;13470;53.37312025;-1.41825020;2020-01-22T09:44:24;4.90;;;2.50;;
25591;SDS011;13470;53.37312025;-1.41825020;2020-01-22T09:46:49;7.80;;;3.30;;
25591;SDS011;13470;53.37312025;-1.41825020;2020-01-22T09:49:15;7.18;;;2.62;;
25591;SDS011;13470;53.37312025;-1.41825020;2020-01-22T09:51:40;3.35;;;2.00;;
25591;SDS011;13470;53.37312025;-1.41825020;2020-01-22T09:54:06;6.28;;;2.70;;
25591;SDS011;13470;53.37312025;-1.41825020;2020-01-22T09:56:31;6.68;;;3.12;;
25591;SDS011;13470;53.37312025;-1.41825020;2020-01-22T09:59:05;6.28;;;3.45;;
25591;SDS011;13470;53.37312025;-1.41825020;2020-01-22T10:01:33;9.45;;;3.40;;
25591;SDS011;13470;53.37312025;-1.41825020;2020-01-22T10:03:58;8.55;;;3.05;;
25591;SDS011;13470;53.37312025;-1.41825020;2020-01-22T10:06:24;7.97;;;3.37;;
25591;SDS011;13470;53.37312025;-1.41825020;2020-01-22T10:08:49;10.32;;;3.97;;
25591;SDS011;13470;53.37312025;-1.41825020;2020-01-22T10:11:15;8.45;;;3.08;;
25591;SDS011;13470;53.37312025;-1.41825020;2020-01-22T10:13:40;5.65;;;2.78;;
25591;SDS011;13470;53.37312025;-1.41825020;2020-01-22T10:16:11;8.15;;;3.33;;
25591;SDS011;13470;53.37312025;-1.41825020;2020-01-22T10:18:39;6.75;;;3.17;;
25591;SDS011;13470;53.37312025;-1.41825020;2020-01-22T10:21:06;6.57;;;3.78;;
25591;SDS011;13470;53.37312025;-1.41825020;2020-01-22T10:23:31;5.28;;;3.10;;
25591;SDS011;13470;53.37312025;-1.41825020;2020-01-22T10:25:57;8.52;;;4.20;;
25591;SDS011;13470;53.37312025;-1.41825020;2020-01-22T10:28:22;8.43;;;4.07;;
25591;SDS011;13470;53.37312025;-1.41825020;2020-01-22T10:30:51;9.73;;;4.65;;
25591;SDS011;13470;53.37312025;-1.41825020;2020-01-22T10:33:20;11.27;;;6.65;;
25591;SDS011;13470;53.37312025;-1.41825020;2020-01-22T10:35:45;11.10;;;5.62;;
25591;SDS011;13470;53.37312025;-1.41825020;2020-01-22T10:38:11;13.60;;;6.50;;
25591;SDS011;13470;53.37312025;-1.41825020;2020-01-22T10:40:36;13.27;;;6.03;;
25591;SDS011;13470;53.37312025;-1.41825020;2020-01-22T10:43:01;12.50;;;6.25;;
25591;SDS011;13470;53.37312025;-1.41825020;2020-01-22T10:45:27;17.37;;;7.00;;
25591;SDS011;13470;53.37312025;-1.41825020;2020-01-22T10:47:55;15.13;;;7.65;;
25591;SDS011;13470;53.37312025;-1.41825020;2020-01-22T10:50:21;18.95;;;7.90;;
25591;SDS011;13470;53.37312025;-1.41825020;2020-01-22T10:52:46;19.10;;;8.23;;
25591;SDS011;13470;53.37312025;-1.41825020;2020-01-22T10:55:13;17.75;;;8.43;;
25591;SDS011;13470;53.37312025;-1.41825020;2020-01-22T10:57:39;15.57;;;6.62;;
25591;SDS011;13470;53.37312025;-1.41825020;2020-01-22T11:00:04;15.68;;;7.28;;
25591;SDS011;13470;53.37312025;-1.41825020;2020-01-22T11:02:38;16.27;;;7.93;;
25591;SDS011;13470;53.37312025;-1.41825020;2020-01-22T11:05:10;21.10;;;8.32;;
25591;SDS011;13470;53.37312025;-1.41825020;2020-01-22T11:07:35;28.08;;;8.20;;
25591;SDS011;13470;53.37312025;-1.41825020;2020-01-22T11:10:03;19.92;;;8.77;;
25591;SDS011;13470;53.37312025;-1.41825020;2020-01-22T11:12:29;16.45;;;7.07;;
25591;SDS011;13470;53.37312025;-1.41825020;2020-01-22T11:14:54;15.25;;;7.95;;
25591;SDS011;13470;53.37312025;-1.41825020;2020-01-22T11:17:20;20.15;;;7.57;;
25591;SDS011;13470;53.37312025;-1.41825020;2020-01-22T11:19:48;16.20;;;7.15;;
25591;SDS011;13470;53.37312025;-1.41825020;2020-01-22T11:22:13;16.92;;;7.28;;
25591;SDS011;13470;53.37312025;-1.41825020;2020-01-22T11:24:39;13.30;;;7.00;;
25591;SDS011;13470;53.37312025;-1.41825020;2020-01-22T11:27:07;16.67;;;7.27;;
25591;SDS011;13470;53.37312025;-1.41825020;2020-01-22T11:29:36;15.43;;;7.68;;
25591;SDS011;13470;53.37312025;-1.41825020;2020-01-22T11:32:01;17.05;;;7.80;;
25591;SDS011;13470;53.37312025;-1.41825020;2020-01-22T11:34:27;16.52;;;8.05;;
25591;SDS011;13470;53.37312025;-1.41825020;2020-01-22T11:36:52;13.30;;;7.50;;
25591;SDS011;13470;53.37312025;-1.41825020;2020-01-22T11:39:18;16.83;;;7.90;;
25591;SDS011;13470;53.37312025;-1.41825020;2020-01-22T11:41:43;24.20;;;8.70;;
25591;SDS011;13470;53.37312025;-1.41825020;2020-01-22T11:44:14;14.38;;;6.53;;
25591;SDS011;13470;53.37312025;-1.41825020;2020-01-22T11:46:39;10.90;;;6.22;;
25591;SDS011;13470;53.37312025;-1.41825020;2020-01-22T11:49:07;14.77;;;7.40;;
25591;SDS011;13470;53.37312025;-1.41825020;2020-01-22T11:51:54;10.10;;;6.20;;
25591;SDS011;13470;53.37312025;-1.41825020;2020-01-22T11:54:19;15.38;;;7.05;;
25591;SDS011;13470;53.37312025;-1.41825020;2020-01-22T11:56:48;10.20;;;6.10;;
25591;SDS011;13470;53.37312025;-1.41825020;2020-01-22T11:59:13;20.60;;;6.72;;
25591;SDS011;13470;53.37312025;-1.41825020;2020-01-22T12:01:39;11.93;;;6.15;;
25591;SDS011;13470;53.37312025;-1.41825020;2020-01-22T12:04:04;15.35;;;7.60;;
25591;SDS011;13470;53.37312025;-1.41825020;2020-01-22T12:06:35;18.80;;;8.25;;
25591;SDS011;13470;53.37312025;-1.41825020;2020-01-22T12:09:01;21.50;;;8.82;;
25591;SDS011;13470;53.37312025;-1.41825020;2020-01-22T12:11:28;23.00;;;9.75;;
25591;SDS011;13470;53.37312025;-1.41825020;2020-01-22T12:13:54;26.87;;;11.12;;
25591;SDS011;13470;53.37312025;-1.41825020;2020-01-22T12:16:20;31.10;;;9.32;;
25591;SDS011;13470;53.37312025;-1.41825020;2020-01-22T12:18:45;20.58;;;9.27;;
25591;SDS011;13470;53.37312025;-1.41825020;2020-01-22T12:21:11;18.42;;;8.90;;
25591;SDS011;13470;53.37312025;-1.41825020;2020-01-22T12:23:36;18.85;;;8.80;;
25591;SDS011;13470;53.37312025;-1.41825020;2020-01-22T12:26:02;21.40;;;7.20;;
25591;SDS011;13470;53.37312025;-1.41825020;2020-01-22T12:28:27;18.35;;;8.25;;
25591;SDS011;13470;53.37312025;-1.41825020;2020-01-22T12:30:55;13.20;;;6.40;;
25591;SDS011;13470;53.37312025;-1.41825020;2020-01-22T12:33:21;12.98;;;6.00;;
25591;SDS011;13470;53.37312025;-1.41825020;2020-01-22T12:35:47;11.68;;;4.78;;
25591;SDS011;13470;53.37312025;-1.41825020;2020-01-22T12:38:17;12.15;;;4.85;;
25591;SDS011;13470;53.37312025;-1.41825020;2020-01-22T12:43:36;7.85;;;4.25;;
25591;SDS011;13470;53.37312025;-1.41825020;2020-01-22T12:46:05;13.57;;;5.30;;
25591;SDS011;13470;53.37312025;-1.41825020;2020-01-22T12:48:35;10.32;;;5.00;;
25591;SDS011;13470;53.37312025;-1.41825020;2020-01-22T12:53:26;12.17;;;5.03;;
25591;SDS011;13470;53.37312025;-1.41825020;2020-01-22T12:55:55;12.07;;;5.18;;
25591;SDS011;13470;53.37312025;-1.41825020;2020-01-22T12:58:21;16.80;;;6.78;;
25591;SDS011;13470;53.37312025;-1.41825020;2020-01-22T13:00:48;18.12;;;6.68;;
25591;SDS011;13470;53.37312025;-1.41825020;2020-01-22T13:03:18;21.52;;;8.23;;
25591;SDS011;13470;53.37312025;-1.41825020;2020-01-22T13:05:45;15.50;;;6.72;;
25591;SDS011;13470;53.37312025;-1.41825020;2020-01-22T13:13:33;11.75;;;4.82;;
25591;SDS011;13470;53.37312025;-1.41825020;2020-01-22T13:21:04;15.75;;;6.87;;
25591;SDS011;13470;53.37312025;-1.41825020;2020-01-22T13:23:46;8.65;;;3.35;;
25591;SDS011;13470;53.37312025;-1.41825020;2020-01-22T13:28:58;9.60;;;3.92;;
25591;SDS011;13470;53.37312025;-1.41825020;2020-01-22T13:33:52;8.35;;;3.80;;
25591;SDS011;13470;53.37312025;-1.41825020;2020-01-22T13:36:20;9.43;;;3.47;;
25591;SDS011;13470;53.37312025;-1.41825020;2020-01-22T13:38:47;9.48;;;2.97;;
25591;SDS011;13470;53.37312025;-1.41825020;2020-01-22T13:41:12;6.37;;;2.72;;
25591;SDS011;13470;53.37312025;-1.41825020;2020-01-22T13:43:37;8.38;;;3.15;;
25591;SDS011;13470;53.37312025;-1.41825020;2020-01-22T13:46:08;11.70;;;2.92;;
25591;SDS011;13470;53.37312025;-1.41825020;2020-01-22T13:48:34;9.03;;;3.37;;
25591;SDS011;13470;53.37312025;-1.41825020;2020-01-22T13:51:02;5.05;;;2.00;;
25591;SDS011;13470;53.37312025;-1.41825020;2020-01-22T13:53:30;5.00;;;2.33;;
25591;SDS011;13470;53.37312025;-1.41825020;2020-01-22T13:55:56;7.12;;;2.75;;
25591;SDS011;13470;53.37312025;-1.41825020;2020-01-22T13:59:01;4.50;;;1.80;;
25591;SDS011;13470;53.37312025;-1.41825020;2020-01-22T14:01:31;4.35;;;1.48;;
25591;SDS011;13470;53.37312025;-1.41825020;2020-01-22T14:03:56;8.95;;;2.47;;
25591;SDS011;13470;53.37312025;-1.41825020;2020-01-22T14:06:21;5.18;;;2.03;;
25591;SDS011;13470;53.37312025;-1.41825020;2020-01-22T14:08:47;3.90;;;2.00;;
25591;SDS011;13470;53.37312025;-1.41825020;2020-01-22T14:11:12;4.15;;;1.83;;
25591;SDS011;13470;53.37312025;-1.41825020;2020-01-22T14:13:38;5.22;;;2.47;;
25591;SDS011;13470;53.37312025;-1.41825020;2020-01-22T14:16:03;7.95;;;2.45;;
25591;SDS011;13470;53.37312025;-1.41825020;2020-01-22T14:18:29;5.95;;;2.55;;
25591;SDS011;13470;53.37312025;-1.41825020;2020-01-22T14:20:54;6.95;;;2.95;;
25591;SDS011;13470;53.37312025;-1.41825020;2020-01-22T14:23:20;6.50;;;2.85;;
25591;SDS011;13470;53.37312025;-1.41825020;2020-01-22T14:25:45;5.07;;;2.37;;
25591;SDS011;13470;53.37312025;-1.41825020;2020-01-22T14:28:10;4.60;;;2.60;;
25591;SDS011;13470;53.37312025;-1.41825020;2020-01-22T14:30:36;6.07;;;2.97;;
25591;SDS011;13470;53.37312025;-1.41825020;2020-01-22T14:33:01;5.30;;;2.70;;
25591;SDS011;13470;53.37312025;-1.41825020;2020-01-22T14:35:26;9.93;;;3.53;;
25591;SDS011;13470;53.37312025;-1.41825020;2020-01-22T14:37:55;7.80;;;3.25;;
25591;SDS011;13470;53.37312025;-1.41825020;2020-01-22T14:40:20;6.20;;;2.97;;
25591;SDS011;13470;53.37312025;-1.41825020;2020-01-22T14:42:48;6.47;;;3.10;;
25591;SDS011;13470;53.37312025;-1.41825020;2020-01-22T14:45:18;8.10;;;3.87;;
25591;SDS011;13470;53.37312025;-1.41825020;2020-01-22T14:47:44;6.87;;;2.87;;
25591;SDS011;13470;53.37312025;-1.41825020;2020-01-22T14:50:10;7.62;;;3.33;;
25591;SDS011;13470;53.37312025;-1.41825020;2020-01-22T14:52:35;10.10;;;3.25;;
25591;SDS011;13470;53.37312025;-1.41825020;2020-01-22T14:55:00;5.90;;;3.53;;
25591;SDS011;13470;53.37312025;-1.41825020;2020-01-22T14:57:26;6.53;;;3.58;;
25591;SDS011;13470;53.37312025;-1.41825020;2020-01-22T14:59:51;8.00;;;4.00;;
25591;SDS011;13470;53.37312025;-1.41825020;2020-01-22T15:02:16;7.62;;;3.67;;
25591;SDS011;13470;53.37312025;-1.41825020;2020-01-22T15:04:42;6.55;;;2.83;;
25591;SDS011;13470;53.37312025;-1.41825020;2020-01-22T15:07:08;8.75;;;3.72;;
25591;SDS011;13470;53.37312025;-1.41825020;2020-01-22T15:09:33;8.25;;;3.17;;
25591;SDS011;13470;53.37312025;-1.41825020;2020-01-22T15:12:02;12.55;;;4.50;;
25591;SDS011;13470;53.37312025;-1.41825020;2020-01-22T15:14:27;5.45;;;3.30;;
25591;SDS011;13470;53.37312025;-1.41825020;2020-01-22T15:16:52;9.10;;;4.30;;
25591;SDS011;13470;53.37312025;-1.41825020;2020-01-22T15:19:18;8.25;;;4.30;;
25591;SDS011;13470;53.37312025;-1.41825020;2020-01-22T15:21:43;14.32;;;4.75;;
25591;SDS011;13470;53.37312025;-1.41825020;2020-01-22T15:24:09;10.07;;;3.35;;
25591;SDS011;13470;53.37312025;-1.41825020;2020-01-22T15:26:35;31.85;;;4.65;;
25591;SDS011;13470;53.37312025;-1.41825020;2020-01-22T15:29:00;8.32;;;4.37;;
25591;SDS011;13470;53.37312025;-1.41825020;2020-01-22T15:31:34;10.30;;;4.07;;
25591;SDS011;13470;53.37312025;-1.41825020;2020-01-22T15:33:59;10.88;;;3.62;;
25591;SDS011;13470;53.37312025;-1.41825020;2020-01-22T15:36:27;9.23;;;3.50;;
25591;SDS011;13470;53.37312025;-1.41825020;2020-01-22T15:38:52;7.93;;;3.87;;
25591;SDS011;13470;53.37312025;-1.41825020;2020-01-22T15:41:18;6.55;;;2.33;;
25591;SDS011;13470;53.37312025;-1.41825020;2020-01-22T15:43:43;4.90;;;2.83;;
25591;SDS011;13470;53.37312025;-1.41825020;2020-01-22T15:46:09;8.02;;;2.92;;
25591;SDS011;13470;53.37312025;-1.41825020;2020-01-22T15:48:36;3.60;;;2.50;;
25591;SDS011;13470;53.37312025;-1.41825020;2020-01-22T15:51:02;5.00;;;2.15;;
25591;SDS011;13470;53.37312025;-1.41825020;2020-01-22T15:53:27;8.98;;;3.05;;
25591;SDS011;13470;53.37312025;-1.41825020;2020-01-22T15:55:59;7.12;;;4.40;;
25591;SDS011;13470;53.37312025;-1.41825020;2020-01-22T15:58:24;6.90;;;3.50;;
25591;SDS011;13470;53.37312025;-1.41825020;2020-01-22T16:00:50;6.15;;;3.97;;
25591;SDS011;13470;53.37312025;-1.41825020;2020-01-22T16:03:15;10.73;;;4.47;;
25591;SDS011;13470;53.37312025;-1.41825020;2020-01-22T16:05:41;9.20;;;4.55;;
25591;SDS011;13470;53.37312025;-1.41825020;2020-01-22T16:08:07;12.95;;;5.25;;
25591;SDS011;13470;53.37312025;-1.41825020;2020-01-22T16:10:32;9.38;;;5.62;;
25591;SDS011;13470;53.37312025;-1.41825020;2020-01-22T16:12:58;8.90;;;4.70;;
25591;SDS011;13470;53.37312025;-1.41825020;2020-01-22T16:15:25;8.98;;;5.55;;
25591;SDS011;13470;53.37312025;-1.41825020;2020-01-22T16:17:51;14.95;;;5.35;;
25591;SDS011;13470;53.37312025;-1.41825020;2020-01-22T16:20:21;10.52;;;6.15;;
25591;SDS011;13470;53.37312025;-1.41825020;2020-01-22T16:22:47;11.80;;;6.30;;
25591;SDS011;13470;53.37312025;-1.41825020;2020-01-22T16:25:12;18.02;;;6.18;;
25591;SDS011;13470;53.37312025;-1.41825020;2020-01-22T16:27:39;10.13;;;6.00;;
25591;SDS011;13470;53.37312025;-1.41825020;2020-01-22T16:30:07;14.10;;;6.20;;
25591;SDS011;13470;53.37312025;-1.41825020;2020-01-22T16:32:40;11.25;;;6.28;;
25591;SDS011;13470;53.37312025;-1.41825020;2020-01-22T16:35:06;18.98;;;6.50;;
25591;SDS011;13470;53.37312025;-1.41825020;2020-01-22T16:37:31;13.32;;;6.70;;
25591;SDS011;13470;53.37312025;-1.41825020;2020-01-22T16:39:59;12.93;;;6.78;;
25591;SDS011;13470;53.37312025;-1.41825020;2020-01-22T16:42:26;14.00;;;7.37;;
25591;SDS011;13470;53.37312025;-1.41825020;2020-01-22T16:44:51;12.95;;;6.97;;
25591;SDS011;13470;53.37312025;-1.41825020;2020-01-22T16:47:18;13.77;;;7.80;;
25591;SDS011;13470;53.37312025;-1.41825020;2020-01-22T16:49:48;12.25;;;6.65;;
25591;SDS011;13470;53.37312025;-1.41825020;2020-01-22T16:52:14;12.37;;;6.47;;
25591;SDS011;13470;53.37312025;-1.41825020;2020-01-22T16:54:40;13.93;;;7.22;;
25591;SDS011;13470;53.37312025;-1.41825020;2020-01-22T16:57:08;14.48;;;5.93;;
25591;SDS011;13470;53.37312025;-1.41825020;2020-01-22T16:59:36;16.17;;;6.57;;
25591;SDS011;13470;53.37312025;-1.41825020;2020-01-22T17:02:07;17.37;;;8.20;;
25591;SDS011;13470;53.37312025;-1.41825020;2020-01-22T17:04:33;18.92;;;7.35;;
25591;SDS011;13470;53.37312025;-1.41825020;2020-01-22T17:06:59;17.85;;;7.30;;
25591;SDS011;13470;53.37312025;-1.41825020;2020-01-22T17:09:29;15.02;;;7.47;;
25591;SDS011;13470;53.37312025;-1.41825020;2020-01-22T17:11:56;18.40;;;7.28;;
25591;SDS011;13470;53.37312025;-1.41825020;2020-01-22T17:14:22;16.37;;;6.95;;
25591;SDS011;13470;53.37312025;-1.41825020;2020-01-22T17:16:47;16.90;;;7.43;;
25591;SDS011;13470;53.37312025;-1.41825020;2020-01-22T17:19:16;19.42;;;8.43;;
25591;SDS011;13470;53.37312025;-1.41825020;2020-01-22T17:21:44;16.48;;;9.38;;
25591;SDS011;13470;53.37312025;-1.41825020;2020-01-22T17:24:09;34.63;;;16.42;;
25591;SDS011;13470;53.37312025;-1.41825020;2020-01-22T17:26:35;37.55;;;21.90;;
25591;SDS011;13470;53.37312025;-1.41825020;2020-01-22T17:29:04;52.13;;;23.30;;
25591;SDS011;13470;53.37312025;-1.41825020;2020-01-22T17:31:52;41.45;;;18.65;;
25591;SDS011;13470;53.37312025;-1.41825020;2020-01-22T17:34:29;41.88;;;17.62;;
25591;SDS011;13470;53.37312025;-1.41825020;2020-01-22T17:37:00;36.25;;;18.02;;
25591;SDS011;13470;53.37312025;-1.41825020;2020-01-22T17:39:29;49.58;;;22.17;;
25591;SDS011;13470;53.37312025;-1.41825020;2020-01-22T17:41:55;63.92;;;31.02;;
25591;SDS011;13470;53.37312025;-1.41825020;2020-01-22T17:44:30;44.25;;;22.85;;
25591;SDS011;13470;53.37312025;-1.41825020;2020-01-22T17:46:56;31.92;;;17.40;;
25591;SDS011;13470;53.37312025;-1.41825020;2020-01-22T17:49:21;33.70;;;18.65;;
25591;SDS011;13470;53.37312025;-1.41825020;2020-01-22T17:51:47;34.53;;;15.80;;
25591;SDS011;13470;53.37312025;-1.41825020;2020-01-22T17:54:12;22.58;;;11.45;;
25591;SDS011;13470;53.37312025;-1.41825020;2020-01-22T17:56:47;26.85;;;11.00;;
25591;SDS011;13470;53.37312025;-1.41825020;2020-01-22T17:59:12;21.98;;;12.50;;
25591;SDS011;13470;53.37312025;-1.41825020;2020-01-22T18:01:45;30.45;;;12.48;;
25591;SDS011;13470;53.37312025;-1.41825020;2020-01-22T18:04:12;25.05;;;12.52;;
25591;SDS011;13470;53.37312025;-1.41825020;2020-01-22T18:06:38;23.10;;;12.73;;
25591;SDS011;13470;53.37312025;-1.41825020;2020-01-22T18:09:49;26.83;;;12.13;;
25591;SDS011;13470;53.37312025;-1.41825020;2020-01-22T18:11:53;24.02;;;12.68;;
25591;SDS011;13470;53.37312025;-1.41825020;2020-01-22T18:14:18;25.92;;;13.52;;
25591;SDS011;13470;53.37312025;-1.41825020;2020-01-22T18:16:44;29.52;;;14.82;;
25591;SDS011;13470;53.37312025;-1.41825020;2020-01-22T18:19:10;21.02;;;11.43;;
25591;SDS011;13470;53.37312025;-1.41825020;2020-01-22T18:21:35;28.55;;;15.30;;
25591;SDS011;13470;53.37312025;-1.41825020;2020-01-22T18:24:04;30.00;;;13.27;;
25591;SDS011;13470;53.37312025;-1.41825020;2020-01-22T18:28:59;26.50;;;13.35;;
25591;SDS011;13470;53.37312025;-1.41825020;2020-01-22T18:31:25;24.05;;;13.82;;
25591;SDS011;13470;53.37312025;-1.41825020;2020-01-22T18:33:50;32.80;;;15.98;;
25591;SDS011;13470;53.37312025;-1.41825020;2020-01-22T18:36:15;33.63;;;16.20;;
25591;SDS011;13470;53.37312025;-1.41825020;2020-01-22T18:38:41;31.70;;;15.07;;
25591;SDS011;13470;53.37312025;-1.41825020;2020-01-22T18:41:06;26.48;;;12.43;;
25591;SDS011;13470;53.37312025;-1.41825020;2020-01-22T18:43:31;22.67;;;12.50;;
25591;SDS011;13470;53.37312025;-1.41825020;2020-01-22T18:45:57;26.60;;;12.23;;
25591;SDS011;13470;53.37312025;-1.41825020;2020-01-22T18:48:23;52.65;;;19.90;;
25591;SDS011;13470;53.37312025;-1.41825020;2020-01-22T18:50:48;45.00;;;21.12;;
25591;SDS011;13470;53.37312025;-1.41825020;2020-01-22T18:53:14;41.80;;;19.77;;
25591;SDS011;13470;53.37312025;-1.41825020;2020-01-22T18:55:45;42.30;;;20.25;;
25591;SDS011;13470;53.37312025;-1.41825020;2020-01-22T18:58:12;44.97;;;20.95;;
25591;SDS011;13470;53.37312025;-1.41825020;2020-01-22T19:00:38;43.25;;;18.65;;
25591;SDS011;13470;53.37312025;-1.41825020;2020-01-22T19:03:03;38.53;;;17.50;;
25591;SDS011;13470;53.37312025;-1.41825020;2020-01-22T19:05:31;39.17;;;18.02;;
25591;SDS011;13470;53.37312025;-1.41825020;2020-01-22T19:08:09;38.88;;;17.50;;
25591;SDS011;13470;53.37312025;-1.41825020;2020-01-22T19:10:45;43.58;;;18.98;;
25591;SDS011;13470;53.37312025;-1.41825020;2020-01-22T19:13:11;37.88;;;17.20;;
25591;SDS011;13470;53.37312025;-1.41825020;2020-01-22T19:15:37;33.80;;;16.23;;
25591;SDS011;13470;53.37312025;-1.41825020;2020-01-22T19:18:03;32.72;;;15.77;;
25591;SDS011;13470;53.37312025;-1.41825020;2020-01-22T19:20:30;42.80;;;17.37;;
25591;SDS011;13470;53.37312025;-1.41825020;2020-01-22T19:23:02;37.30;;;18.00;;
25591;SDS011;13470;53.37312025;-1.41825020;2020-01-22T19:25:27;41.83;;;19.40;;
25591;SDS011;13470;53.37312025;-1.41825020;2020-01-22T19:27:52;44.42;;;19.60;;
25591;SDS011;13470;53.37312025;-1.41825020;2020-01-22T19:30:18;32.50;;;17.05;;
25591;SDS011;13470;53.37312025;-1.41825020;2020-01-22T19:32:47;37.30;;;20.30;;
25591;SDS011;13470;53.37312025;-1.41825020;2020-01-22T19:35:18;38.50;;;16.67;;
25591;SDS011;13470;53.37312025;-1.41825020;2020-01-22T19:37:50;44.70;;;16.60;;
25591;SDS011;13470;53.37312025;-1.41825020;2020-01-22T19:40:18;35.67;;;18.35;;
25591;SDS011;13470;53.37312025;-1.41825020;2020-01-22T19:42:48;38.33;;;18.23;;
25591;SDS011;13470;53.37312025;-1.41825020;2020-01-22T19:45:15;37.77;;;16.07;;
25591;SDS011;13470;53.37312025;-1.41825020;2020-01-22T19:47:40;31.62;;;13.18;;
25591;SDS011;13470;53.37312025;-1.41825020;2020-01-22T19:50:10;37.63;;;17.12;;
25591;SDS011;13470;53.37312025;-1.41825020;2020-01-22T19:55:03;30.73;;;15.70;;
25591;SDS011;13470;53.37312025;-1.41825020;2020-01-22T19:57:35;35.08;;;17.42;;
25591;SDS011;13470;53.37312025;-1.41825020;2020-01-22T20:00:00;34.50;;;17.33;;
25591;SDS011;13470;53.37312025;-1.41825020;2020-01-22T20:02:30;35.72;;;16.08;;
25591;SDS011;13470;53.37312025;-1.41825020;2020-01-22T20:04:57;30.88;;;15.80;;
25591;SDS011;13470;53.37312025;-1.41825020;2020-01-22T20:07:23;34.35;;;15.43;;
25591;SDS011;13470;53.37312025;-1.41825020;2020-01-22T20:09:49;35.25;;;16.50;;
25591;SDS011;13470;53.37312025;-1.41825020;2020-01-22T20:12:15;36.70;;;14.55;;
25591;SDS011;13470;53.37312025;-1.41825020;2020-01-22T20:14:46;43.67;;;15.13;;
25591;SDS011;13470;53.37312025;-1.41825020;2020-01-22T20:17:12;36.40;;;16.37;;
25591;SDS011;13470;53.37312025;-1.41825020;2020-01-22T20:19:37;32.75;;;14.85;;
25591;SDS011;13470;53.37312025;-1.41825020;2020-01-22T20:22:03;30.17;;;15.20;;
25591;SDS011;13470;53.37312025;-1.41825020;2020-01-22T20:24:28;30.35;;;14.45;;
25591;SDS011;13470;53.37312025;-1.41825020;2020-01-22T20:26:54;30.73;;;14.40;;
25591;SDS011;13470;53.37312025;-1.41825020;2020-01-22T20:29:19;32.53;;;15.75;;
25591;SDS011;13470;53.37312025;-1.41825020;2020-01-22T20:31:45;32.33;;;15.27;;
25591;SDS011;13470;53.37312025;-1.41825020;2020-01-22T20:34:10;38.03;;;16.60;;
25591;SDS011;13470;53.37312025;-1.41825020;2020-01-22T20:36:36;34.67;;;17.48;;
25591;SDS011;13470;53.37312025;-1.41825020;2020-01-22T20:39:01;37.65;;;19.42;;
25591;SDS011;13470;53.37312025;-1.41825020;2020-01-22T20:41:27;42.97;;;18.33;;
25591;SDS011;13470;53.37312025;-1.41825020;2020-01-22T20:43:52;42.05;;;20.60;;
25591;SDS011;13470;53.37312025;-1.41825020;2020-01-22T20:46:18;49.08;;;19.83;;
25591;SDS011;13470;53.37312025;-1.41825020;2020-01-22T20:48:43;43.78;;;18.65;;
25591;SDS011;13470;53.37312025;-1.41825020;2020-01-22T20:51:08;34.67;;;18.73;;
25591;SDS011;13470;53.37312025;-1.41825020;2020-01-22T20:53:34;43.83;;;20.17;;
25591;SDS011;13470;53.37312025;-1.41825020;2020-01-22T20:55:59;41.60;;;20.05;;
25591;SDS011;13470;53.37312025;-1.41825020;2020-01-22T20:58:27;39.35;;;18.00;;
25591;SDS011;13470;53.37312025;-1.41825020;2020-01-22T21:00:53;40.15;;;17.52;;
25591;SDS011;13470;53.37312025;-1.41825020;2020-01-22T21:03:57;37.00;;;18.95;;
25591;SDS011;13470;53.37312025;-1.41825020;2020-01-22T21:06:28;41.00;;;19.58;;
25591;SDS011;13470;53.37312025;-1.41825020;2020-01-22T21:08:54;42.05;;;19.10;;
25591;SDS011;13470;53.37312025;-1.41825020;2020-01-22T21:11:19;102.30;;;45.67;;
25591;SDS011;13470;53.37312025;-1.41825020;2020-01-22T21:13:44;75.00;;;33.25;;
25591;SDS011;13470;53.37312025;-1.41825020;2020-01-22T21:16:10;51.75;;;25.88;;
25591;SDS011;13470;53.37312025;-1.41825020;2020-01-22T21:18:35;53.97;;;25.75;;
25591;SDS011;13470;53.37312025;-1.41825020;2020-01-22T21:21:01;53.65;;;24.80;;
25591;SDS011;13470;53.37312025;-1.41825020;2020-01-22T21:23:36;48.05;;;23.48;;
25591;SDS011;13470;53.37312025;-1.41825020;2020-01-22T21:26:01;44.80;;;20.83;;
25591;SDS011;13470;53.37312025;-1.41825020;2020-01-22T21:28:26;59.75;;;24.80;;
25591;SDS011;13470;53.37312025;-1.41825020;2020-01-22T21:30:52;61.65;;;28.50;;
25591;SDS011;13470;53.37312025;-1.41825020;2020-01-22T21:33:21;57.20;;;27.02;;
25591;SDS011;13470;53.37312025;-1.41825020;2020-01-22T21:35:49;47.97;;;22.92;;
25591;SDS011;13470;53.37312025;-1.41825020;2020-01-22T21:38:21;49.42;;;23.60;;
25591;SDS011;13470;53.37312025;-1.41825020;2020-01-22T21:40:46;126.93;;;56.50;;
25591;SDS011;13470;53.37312025;-1.41825020;2020-01-22T21:43:11;195.95;;;90.70;;
25591;SDS011;13470;53.37312025;-1.41825020;2020-01-22T21:45:37;140.23;;;62.65;;
25591;SDS011;13470;53.37312025;-1.41825020;2020-01-22T21:48:02;107.03;;;50.80;;
25591;SDS011;13470;53.37312025;-1.41825020;2020-01-22T21:50:28;85.78;;;36.22;;
25591;SDS011;13470;53.37312025;-1.41825020;2020-01-22T21:52:54;80.60;;;38.33;;
25591;SDS011;13470;53.37312025;-1.41825020;2020-01-22T21:55:19;64.82;;;30.17;;
25591;SDS011;13470;53.37312025;-1.41825020;2020-01-22T21:57:50;59.70;;;23.38;;
25591;SDS011;13470;53.37312025;-1.41825020;2020-01-22T22:00:16;47.67;;;20.92;;
25591;SDS011;13470;53.37312025;-1.41825020;2020-01-22T22:02:41;46.28;;;21.33;;
25591;SDS011;13470;53.37312025;-1.41825020;2020-01-22T22:05:07;34.80;;;17.05;;
25591;SDS011;13470;53.37312025;-1.41825020;2020-01-22T22:07:32;33.78;;;15.65;;
25591;SDS011;13470;53.37312025;-1.41825020;2020-01-22T22:09:57;41.85;;;18.37;;
25591;SDS011;13470;53.37312025;-1.41825020;2020-01-22T22:12:23;35.72;;;18.27;;
25591;SDS011;13470;53.37312025;-1.41825020;2020-01-22T22:14:48;42.70;;;21.33;;
25591;SDS011;13470;53.37312025;-1.41825020;2020-01-22T22:17:19;61.78;;;25.58;;
25591;SDS011;13470;53.37312025;-1.41825020;2020-01-22T22:19:48;85.18;;;28.73;;
25591;SDS011;13470;53.37312025;-1.41825020;2020-01-22T22:22:13;74.32;;;29.50;;
25591;SDS011;13470;53.37312025;-1.41825020;2020-01-22T22:24:38;83.07;;;28.92;;
25591;SDS011;13470;53.37312025;-1.41825020;2020-01-22T22:27:07;85.97;;;27.08;;
25591;SDS011;13470;53.37312025;-1.41825020;2020-01-22T22:32:20;74.32;;;24.23;;
25591;SDS011;13470;53.37312025;-1.41825020;2020-01-22T22:35:05;78.45;;;23.75;;
25591;SDS011;13470;53.37312025;-1.41825020;2020-01-22T22:37:33;124.43;;;30.08;;
25591;SDS011;13470;53.37312025;-1.41825020;2020-01-22T22:39:58;72.00;;;24.02;;
25591;SDS011;13470;53.37312025;-1.41825020;2020-01-22T22:42:23;50.47;;;18.23;;
25591;SDS011;13470;53.37312025;-1.41825020;2020-01-22T22:44:49;54.83;;;19.98;;
25591;SDS011;13470;53.37312025;-1.41825020;2020-01-22T22:47:15;60.30;;;17.35;;
25591;SDS011;13470;53.37312025;-1.41825020;2020-01-22T22:49:41;74.53;;;17.37;;
25591;SDS011;13470;53.37312025;-1.41825020;2020-01-22T22:52:06;48.80;;;15.68;;
25591;SDS011;13470;53.37312025;-1.41825020;2020-01-22T22:54:35;30.30;;;14.95;;
25591;SDS011;13470;53.37312025;-1.41825020;2020-01-22T22:57:06;60.15;;;14.35;;
25591;SDS011;13470;53.37312025;-1.41825020;2020-01-22T22:59:31;61.83;;;14.23;;
25591;SDS011;13470;53.37312025;-1.41825020;2020-01-22T23:04:34;64.28;;;13.95;;
25591;SDS011;13470;53.37312025;-1.41825020;2020-01-22T23:07:05;71.18;;;13.98;;
25591;SDS011;13470;53.37312025;-1.41825020;2020-01-22T23:09:55;52.13;;;13.35;;
25591;SDS011;13470;53.37312025;-1.41825020;2020-01-22T23:15:32;39.80;;;15.95;;
25591;SDS011;13470;53.37312025;-1.41825020;2020-01-22T23:18:33;44.08;;;15.80;;
25591;SDS011;13470;53.37312025;-1.41825020;2020-01-22T23:23:36;41.20;;;15.45;;
25591;SDS011;13470;53.37312025;-1.41825020;2020-01-22T23:26:12;50.35;;;18.10;;
25591;SDS011;13470;53.37312025;-1.41825020;2020-01-22T23:28:48;48.83;;;16.12;;
25591;SDS011;13470;53.37312025;-1.41825020;2020-01-22T23:36:54;42.33;;;16.25;;
25591;SDS011;13470;53.37312025;-1.41825020;2020-01-22T23:42:28;34.58;;;12.82;;
25591;SDS011;13470;53.37312025;-1.41825020;2020-01-22T23:44:59;37.80;;;12.70;;
25591;SDS011;13470;53.37312025;-1.41825020;2020-01-22T23:47:31;44.20;;;15.57;;
25591;SDS011;13470;53.37312025;-1.41825020;2020-01-22T23:49:58;55.08;;;15.77;;
25591;SDS011;13470;53.37312025;-1.41825020;2020-01-22T23:52:28;36.45;;;13.65;;
25591;SDS011;13470;53.37312025;-1.41825020;2020-01-22T23:54:54;66.90;;;15.85;;
25591;SDS011;13470;53.37312025;-1.41825020;2020-01-22T23:57:37;41.28;;;15.57;;
