sensor_id;sensor_type;location;lat;lon;timestamp;P1;durP1;ratioP1;P2;durP2;ratioP2
32182;SDS011;18684;53.34767568;-1.49644575;2020-03-04T00:01:10;18.25;;;5.47;;
32182;SDS011;18684;53.34767568;-1.49644575;2020-03-04T00:03:56;19.80;;;5.03;;
32182;SDS011;18684;53.34767568;-1.49644575;2020-03-04T00:06:24;23.62;;;5.72;;
32182;SDS011;18684;53.34767568;-1.49644575;2020-03-04T00:09:11;33.22;;;7.10;;
32182;SDS011;18684;53.34767568;-1.49644575;2020-03-04T00:11:37;18.40;;;4.93;;
32182;SDS011;18684;53.34767568;-1.49644575;2020-03-04T00:14:03;28.55;;;5.62;;
32182;SDS011;18684;53.34767568;-1.49644575;2020-03-04T00:16:29;20.23;;;5.75;;
32182;SDS011;18684;53.34767568;-1.49644575;2020-03-04T00:18:55;16.65;;;5.18;;
32182;SDS011;18684;53.34767568;-1.49644575;2020-03-04T00:21:20;23.85;;;5.45;;
32182;SDS011;18684;53.34767568;-1.49644575;2020-03-04T00:23:46;13.00;;;4.18;;
32182;SDS011;18684;53.34767568;-1.49644575;2020-03-04T00:26:12;33.13;;;6.12;;
32182;SDS011;18684;53.34767568;-1.49644575;2020-03-04T00:28:59;23.70;;;4.78;;
32182;SDS011;18684;53.34767568;-1.49644575;2020-03-04T00:31:30;17.52;;;5.37;;
32182;SDS011;18684;53.34767568;-1.49644575;2020-03-04T00:34:18;16.90;;;5.10;;
32182;SDS011;18684;53.34767568;-1.49644575;2020-03-04T00:36:44;26.15;;;5.87;;
32182;SDS011;18684;53.34767568;-1.49644575;2020-03-04T00:39:12;26.77;;;5.87;;
32182;SDS011;18684;53.34767568;-1.49644575;2020-03-04T00:41:38;28.85;;;7.97;;
32182;SDS011;18684;53.34767568;-1.49644575;2020-03-04T00:44:04;19.33;;;5.62;;
32182;SDS011;18684;53.34767568;-1.49644575;2020-03-04T00:46:30;23.65;;;5.70;;
32182;SDS011;18684;53.34767568;-1.49644575;2020-03-04T00:48:56;21.70;;;5.53;;
32182;SDS011;18684;53.34767568;-1.49644575;2020-03-04T00:51:22;20.33;;;6.15;;
32182;SDS011;18684;53.34767568;-1.49644575;2020-03-04T00:53:48;18.90;;;5.53;;
32182;SDS011;18684;53.34767568;-1.49644575;2020-03-04T00:56:14;23.65;;;6.28;;
32182;SDS011;18684;53.34767568;-1.49644575;2020-03-04T00:58:40;20.33;;;6.00;;
32182;SDS011;18684;53.34767568;-1.49644575;2020-03-04T01:01:07;19.73;;;6.05;;
32182;SDS011;18684;53.34767568;-1.49644575;2020-03-04T01:03:39;23.23;;;6.03;;
32182;SDS011;18684;53.34767568;-1.49644575;2020-03-04T01:06:09;20.98;;;6.28;;
32182;SDS011;18684;53.34767568;-1.49644575;2020-03-04T01:08:38;22.60;;;6.68;;
32182;SDS011;18684;53.34767568;-1.49644575;2020-03-04T01:11:04;23.25;;;6.20;;
32182;SDS011;18684;53.34767568;-1.49644575;2020-03-04T01:13:30;23.10;;;7.68;;
32182;SDS011;18684;53.34767568;-1.49644575;2020-03-04T01:15:57;30.50;;;6.32;;
32182;SDS011;18684;53.34767568;-1.49644575;2020-03-04T01:18:23;26.90;;;6.78;;
32182;SDS011;18684;53.34767568;-1.49644575;2020-03-04T01:20:49;21.92;;;5.68;;
32182;SDS011;18684;53.34767568;-1.49644575;2020-03-04T01:23:15;21.17;;;5.70;;
32182;SDS011;18684;53.34767568;-1.49644575;2020-03-04T01:25:41;25.83;;;7.97;;
32182;SDS011;18684;53.34767568;-1.49644575;2020-03-04T01:28:07;24.15;;;6.03;;
32182;SDS011;18684;53.34767568;-1.49644575;2020-03-04T01:30:32;23.67;;;6.10;;
32182;SDS011;18684;53.34767568;-1.49644575;2020-03-04T01:32:58;21.52;;;4.80;;
32182;SDS011;18684;53.34767568;-1.49644575;2020-03-04T01:35:24;21.40;;;5.65;;
32182;SDS011;18684;53.34767568;-1.49644575;2020-03-04T01:37:50;18.55;;;5.53;;
32182;SDS011;18684;53.34767568;-1.49644575;2020-03-04T01:40:16;18.60;;;4.93;;
32182;SDS011;18684;53.34767568;-1.49644575;2020-03-04T01:42:42;20.55;;;4.93;;
32182;SDS011;18684;53.34767568;-1.49644575;2020-03-04T01:45:07;23.55;;;4.85;;
32182;SDS011;18684;53.34767568;-1.49644575;2020-03-04T01:47:33;23.00;;;5.50;;
32182;SDS011;18684;53.34767568;-1.49644575;2020-03-04T01:50:03;14.82;;;4.87;;
32182;SDS011;18684;53.34767568;-1.49644575;2020-03-04T01:52:30;16.05;;;6.03;;
32182;SDS011;18684;53.34767568;-1.49644575;2020-03-04T01:55:00;26.35;;;5.62;;
32182;SDS011;18684;53.34767568;-1.49644575;2020-03-04T01:57:29;17.17;;;5.80;;
32182;SDS011;18684;53.34767568;-1.49644575;2020-03-04T01:59:55;16.45;;;5.35;;
32182;SDS011;18684;53.34767568;-1.49644575;2020-03-04T02:02:21;20.80;;;5.65;;
32182;SDS011;18684;53.34767568;-1.49644575;2020-03-04T02:04:47;19.67;;;5.78;;
32182;SDS011;18684;53.34767568;-1.49644575;2020-03-04T02:07:13;25.35;;;6.32;;
32182;SDS011;18684;53.34767568;-1.49644575;2020-03-04T02:09:39;26.25;;;6.20;;
32182;SDS011;18684;53.34767568;-1.49644575;2020-03-04T02:12:04;21.83;;;7.07;;
32182;SDS011;18684;53.34767568;-1.49644575;2020-03-04T02:14:49;20.98;;;6.22;;
32182;SDS011;18684;53.34767568;-1.49644575;2020-03-04T02:17:29;21.92;;;6.78;;
32182;SDS011;18684;53.34767568;-1.49644575;2020-03-04T02:19:55;24.77;;;6.75;;
32182;SDS011;18684;53.34767568;-1.49644575;2020-03-04T02:22:21;19.67;;;6.12;;
32182;SDS011;18684;53.34767568;-1.49644575;2020-03-04T02:24:47;20.98;;;6.87;;
32182;SDS011;18684;53.34767568;-1.49644575;2020-03-04T02:27:13;17.87;;;5.72;;
32182;SDS011;18684;53.34767568;-1.49644575;2020-03-04T02:29:38;21.98;;;6.28;;
32182;SDS011;18684;53.34767568;-1.49644575;2020-03-04T02:32:07;20.12;;;6.37;;
32182;SDS011;18684;53.34767568;-1.49644575;2020-03-04T02:34:33;22.37;;;6.43;;
32182;SDS011;18684;53.34767568;-1.49644575;2020-03-04T02:36:58;37.28;;;8.48;;
32182;SDS011;18684;53.34767568;-1.49644575;2020-03-04T02:39:25;19.20;;;6.32;;
32182;SDS011;18684;53.34767568;-1.49644575;2020-03-04T02:41:50;20.12;;;6.55;;
32182;SDS011;18684;53.34767568;-1.49644575;2020-03-04T02:44:16;21.75;;;6.05;;
32182;SDS011;18684;53.34767568;-1.49644575;2020-03-04T02:46:43;19.98;;;5.97;;
32182;SDS011;18684;53.34767568;-1.49644575;2020-03-04T02:49:14;19.50;;;6.45;;
32182;SDS011;18684;53.34767568;-1.49644575;2020-03-04T02:51:42;21.77;;;6.80;;
32182;SDS011;18684;53.34767568;-1.49644575;2020-03-04T02:54:08;26.27;;;6.55;;
32182;SDS011;18684;53.34767568;-1.49644575;2020-03-04T02:56:34;24.83;;;6.47;;
32182;SDS011;18684;53.34767568;-1.49644575;2020-03-04T02:59:03;27.23;;;6.72;;
32182;SDS011;18684;53.34767568;-1.49644575;2020-03-04T03:01:29;19.67;;;5.70;;
32182;SDS011;18684;53.34767568;-1.49644575;2020-03-04T03:03:55;20.67;;;7.07;;
32182;SDS011;18684;53.34767568;-1.49644575;2020-03-04T03:06:22;16.00;;;5.62;;
32182;SDS011;18684;53.34767568;-1.49644575;2020-03-04T03:08:51;22.77;;;6.65;;
32182;SDS011;18684;53.34767568;-1.49644575;2020-03-04T03:11:21;16.12;;;5.82;;
32182;SDS011;18684;53.34767568;-1.49644575;2020-03-04T03:13:47;15.05;;;6.40;;
32182;SDS011;18684;53.34767568;-1.49644575;2020-03-04T03:16:13;22.20;;;7.07;;
32182;SDS011;18684;53.34767568;-1.49644575;2020-03-04T03:18:39;16.37;;;6.05;;
32182;SDS011;18684;53.34767568;-1.49644575;2020-03-04T03:21:05;18.58;;;6.22;;
32182;SDS011;18684;53.34767568;-1.49644575;2020-03-04T03:23:30;15.48;;;5.82;;
32182;SDS011;18684;53.34767568;-1.49644575;2020-03-04T03:25:56;29.25;;;5.70;;
32182;SDS011;18684;53.34767568;-1.49644575;2020-03-04T03:28:21;25.20;;;7.95;;
32182;SDS011;18684;53.34767568;-1.49644575;2020-03-04T03:30:47;23.92;;;6.40;;
32182;SDS011;18684;53.34767568;-1.49644575;2020-03-04T03:33:13;25.27;;;6.90;;
32182;SDS011;18684;53.34767568;-1.49644575;2020-03-04T03:35:39;18.33;;;6.40;;
32182;SDS011;18684;53.34767568;-1.49644575;2020-03-04T03:38:04;23.42;;;6.90;;
32182;SDS011;18684;53.34767568;-1.49644575;2020-03-04T03:40:30;24.08;;;6.85;;
32182;SDS011;18684;53.34767568;-1.49644575;2020-03-04T03:42:58;18.65;;;5.87;;
32182;SDS011;18684;53.34767568;-1.49644575;2020-03-04T03:45:23;23.87;;;6.90;;
32182;SDS011;18684;53.34767568;-1.49644575;2020-03-04T03:47:49;20.80;;;5.93;;
32182;SDS011;18684;53.34767568;-1.49644575;2020-03-04T03:50:15;18.37;;;6.53;;
32182;SDS011;18684;53.34767568;-1.49644575;2020-03-04T03:52:40;26.48;;;6.97;;
32182;SDS011;18684;53.34767568;-1.49644575;2020-03-04T03:55:06;13.55;;;5.95;;
32182;SDS011;18684;53.34767568;-1.49644575;2020-03-04T03:57:32;18.37;;;6.47;;
32182;SDS011;18684;53.34767568;-1.49644575;2020-03-04T03:59:57;17.98;;;6.78;;
32182;SDS011;18684;53.34767568;-1.49644575;2020-03-04T04:02:24;24.27;;;9.13;;
32182;SDS011;18684;53.34767568;-1.49644575;2020-03-04T04:04:49;19.83;;;6.95;;
32182;SDS011;18684;53.34767568;-1.49644575;2020-03-04T04:07:15;33.20;;;6.68;;
32182;SDS011;18684;53.34767568;-1.49644575;2020-03-04T04:09:41;18.42;;;6.65;;
32182;SDS011;18684;53.34767568;-1.49644575;2020-03-04T04:12:08;19.73;;;6.20;;
32182;SDS011;18684;53.34767568;-1.49644575;2020-03-04T04:14:37;18.42;;;6.32;;
32182;SDS011;18684;53.34767568;-1.49644575;2020-03-04T04:17:04;19.87;;;6.78;;
32182;SDS011;18684;53.34767568;-1.49644575;2020-03-04T04:19:32;26.62;;;6.05;;
32182;SDS011;18684;53.34767568;-1.49644575;2020-03-04T04:21:58;24.00;;;6.00;;
32182;SDS011;18684;53.34767568;-1.49644575;2020-03-04T04:24:54;19.05;;;6.40;;
32182;SDS011;18684;53.34767568;-1.49644575;2020-03-04T04:27:22;23.27;;;7.10;;
32182;SDS011;18684;53.34767568;-1.49644575;2020-03-04T04:29:57;30.55;;;7.18;;
32182;SDS011;18684;53.34767568;-1.49644575;2020-03-04T04:32:29;21.62;;;6.87;;
32182;SDS011;18684;53.34767568;-1.49644575;2020-03-04T04:34:54;13.82;;;7.07;;
32182;SDS011;18684;53.34767568;-1.49644575;2020-03-04T04:37:21;20.80;;;6.32;;
32182;SDS011;18684;53.34767568;-1.49644575;2020-03-04T04:39:47;15.20;;;5.75;;
32182;SDS011;18684;53.34767568;-1.49644575;2020-03-04T04:42:14;20.90;;;7.87;;
32182;SDS011;18684;53.34767568;-1.49644575;2020-03-04T04:44:41;28.90;;;7.25;;
32182;SDS011;18684;53.34767568;-1.49644575;2020-03-04T04:47:10;22.77;;;7.62;;
32182;SDS011;18684;53.34767568;-1.49644575;2020-03-04T04:49:40;19.40;;;7.18;;
32182;SDS011;18684;53.34767568;-1.49644575;2020-03-04T04:52:06;16.10;;;6.62;;
32182;SDS011;18684;53.34767568;-1.49644575;2020-03-04T04:54:32;25.27;;;7.93;;
32182;SDS011;18684;53.34767568;-1.49644575;2020-03-04T04:57:02;22.25;;;6.97;;
32182;SDS011;18684;53.34767568;-1.49644575;2020-03-04T05:01:57;23.52;;;8.25;;
32182;SDS011;18684;53.34767568;-1.49644575;2020-03-04T05:04:22;22.98;;;8.77;;
32182;SDS011;18684;53.34767568;-1.49644575;2020-03-04T05:06:49;17.05;;;7.70;;
32182;SDS011;18684;53.34767568;-1.49644575;2020-03-04T05:09:16;24.60;;;8.52;;
32182;SDS011;18684;53.34767568;-1.49644575;2020-03-04T05:11:43;16.10;;;7.70;;
32182;SDS011;18684;53.34767568;-1.49644575;2020-03-04T05:14:11;30.77;;;8.65;;
32182;SDS011;18684;53.34767568;-1.49644575;2020-03-04T05:16:40;22.33;;;7.72;;
32182;SDS011;18684;53.34767568;-1.49644575;2020-03-04T05:19:06;23.52;;;8.35;;
32182;SDS011;18684;53.34767568;-1.49644575;2020-03-04T05:21:31;29.15;;;8.00;;
32182;SDS011;18684;53.34767568;-1.49644575;2020-03-04T05:23:57;27.95;;;8.23;;
32182;SDS011;18684;53.34767568;-1.49644575;2020-03-04T05:26:22;27.35;;;9.57;;
32182;SDS011;18684;53.34767568;-1.49644575;2020-03-04T05:28:48;21.42;;;7.62;;
32182;SDS011;18684;53.34767568;-1.49644575;2020-03-04T05:31:14;18.95;;;9.25;;
32182;SDS011;18684;53.34767568;-1.49644575;2020-03-04T05:33:40;19.77;;;7.82;;
32182;SDS011;18684;53.34767568;-1.49644575;2020-03-04T05:36:05;21.77;;;8.55;;
32182;SDS011;18684;53.34767568;-1.49644575;2020-03-04T05:38:31;27.33;;;8.18;;
32182;SDS011;18684;53.34767568;-1.49644575;2020-03-04T05:40:57;28.60;;;7.43;;
32182;SDS011;18684;53.34767568;-1.49644575;2020-03-04T05:43:22;14.10;;;7.18;;
32182;SDS011;18684;53.34767568;-1.49644575;2020-03-04T05:45:48;16.08;;;7.93;;
32182;SDS011;18684;53.34767568;-1.49644575;2020-03-04T05:48:14;19.40;;;7.12;;
32182;SDS011;18684;53.34767568;-1.49644575;2020-03-04T05:50:58;20.55;;;8.30;;
32182;SDS011;18684;53.34767568;-1.49644575;2020-03-04T05:53:28;15.50;;;7.00;;
32182;SDS011;18684;53.34767568;-1.49644575;2020-03-04T05:55:54;20.85;;;7.70;;
32182;SDS011;18684;53.34767568;-1.49644575;2020-03-04T05:58:20;23.70;;;7.57;;
32182;SDS011;18684;53.34767568;-1.49644575;2020-03-04T06:00:46;17.98;;;6.87;;
32182;SDS011;18684;53.34767568;-1.49644575;2020-03-04T06:03:12;25.15;;;7.00;;
32182;SDS011;18684;53.34767568;-1.49644575;2020-03-04T06:05:38;17.50;;;7.68;;
32182;SDS011;18684;53.34767568;-1.49644575;2020-03-04T06:08:03;27.77;;;7.47;;
32182;SDS011;18684;53.34767568;-1.49644575;2020-03-04T06:10:29;19.30;;;7.65;;
32182;SDS011;18684;53.34767568;-1.49644575;2020-03-04T06:12:55;17.05;;;7.55;;
32182;SDS011;18684;53.34767568;-1.49644575;2020-03-04T06:15:20;22.55;;;8.95;;
32182;SDS011;18684;53.34767568;-1.49644575;2020-03-04T06:17:46;24.20;;;7.57;;
32182;SDS011;18684;53.34767568;-1.49644575;2020-03-04T06:20:12;24.27;;;7.55;;
32182;SDS011;18684;53.34767568;-1.49644575;2020-03-04T06:22:38;23.80;;;8.27;;
32182;SDS011;18684;53.34767568;-1.49644575;2020-03-04T06:25:03;24.85;;;7.75;;
32182;SDS011;18684;53.34767568;-1.49644575;2020-03-04T06:27:29;18.40;;;7.95;;
32182;SDS011;18684;53.34767568;-1.49644575;2020-03-04T06:29:54;24.02;;;8.20;;
32182;SDS011;18684;53.34767568;-1.49644575;2020-03-04T06:32:20;26.37;;;9.43;;
32182;SDS011;18684;53.34767568;-1.49644575;2020-03-04T06:34:45;26.90;;;10.55;;
32182;SDS011;18684;53.34767568;-1.49644575;2020-03-04T06:37:11;25.45;;;10.15;;
32182;SDS011;18684;53.34767568;-1.49644575;2020-03-04T06:39:37;20.02;;;10.43;;
32182;SDS011;18684;53.34767568;-1.49644575;2020-03-04T06:42:22;16.42;;;10.52;;
32182;SDS011;18684;53.34767568;-1.49644575;2020-03-04T06:44:47;31.45;;;14.32;;
32182;SDS011;18684;53.34767568;-1.49644575;2020-03-04T06:47:13;24.05;;;11.40;;
32182;SDS011;18684;53.34767568;-1.49644575;2020-03-04T06:49:38;23.48;;;11.63;;
32182;SDS011;18684;53.34767568;-1.49644575;2020-03-04T06:52:04;20.75;;;12.02;;
32182;SDS011;18684;53.34767568;-1.49644575;2020-03-04T06:54:30;33.83;;;11.15;;
32182;SDS011;18684;53.34767568;-1.49644575;2020-03-04T06:56:55;22.65;;;11.85;;
32182;SDS011;18684;53.34767568;-1.49644575;2020-03-04T06:59:21;23.15;;;12.32;;
32182;SDS011;18684;53.34767568;-1.49644575;2020-03-04T07:01:47;25.40;;;12.95;;
32182;SDS011;18684;53.34767568;-1.49644575;2020-03-04T07:04:16;27.55;;;12.77;;
32182;SDS011;18684;53.34767568;-1.49644575;2020-03-04T07:06:42;28.67;;;12.80;;
32182;SDS011;18684;53.34767568;-1.49644575;2020-03-04T07:09:25;26.67;;;11.73;;
32182;SDS011;18684;53.34767568;-1.49644575;2020-03-04T07:11:56;32.92;;;10.88;;
32182;SDS011;18684;53.34767568;-1.49644575;2020-03-04T07:14:22;20.90;;;9.82;;
32182;SDS011;18684;53.34767568;-1.49644575;2020-03-04T07:16:48;24.10;;;9.48;;
32182;SDS011;18684;53.34767568;-1.49644575;2020-03-04T07:19:14;29.65;;;9.48;;
32182;SDS011;18684;53.34767568;-1.49644575;2020-03-04T07:21:39;29.95;;;11.40;;
32182;SDS011;18684;53.34767568;-1.49644575;2020-03-04T07:24:05;26.90;;;9.55;;
32182;SDS011;18684;53.34767568;-1.49644575;2020-03-04T07:26:30;23.67;;;9.77;;
32182;SDS011;18684;53.34767568;-1.49644575;2020-03-04T07:28:56;26.75;;;9.75;;
32182;SDS011;18684;53.34767568;-1.49644575;2020-03-04T07:31:22;19.92;;;9.25;;
32182;SDS011;18684;53.34767568;-1.49644575;2020-03-04T07:33:47;25.25;;;9.70;;
32182;SDS011;18684;53.34767568;-1.49644575;2020-03-04T07:36:13;24.30;;;8.88;;
32182;SDS011;18684;53.34767568;-1.49644575;2020-03-04T07:38:38;16.15;;;8.43;;
32182;SDS011;18684;53.34767568;-1.49644575;2020-03-04T07:41:04;28.55;;;10.27;;
32182;SDS011;18684;53.34767568;-1.49644575;2020-03-04T07:43:30;27.58;;;10.38;;
32182;SDS011;18684;53.34767568;-1.49644575;2020-03-04T07:45:55;25.95;;;11.05;;
32182;SDS011;18684;53.34767568;-1.49644575;2020-03-04T07:48:21;25.88;;;11.18;;
32182;SDS011;18684;53.34767568;-1.49644575;2020-03-04T07:50:47;24.65;;;11.35;;
32182;SDS011;18684;53.34767568;-1.49644575;2020-03-04T07:53:12;34.17;;;11.73;;
32182;SDS011;18684;53.34767568;-1.49644575;2020-03-04T07:55:38;23.60;;;12.32;;
32182;SDS011;18684;53.34767568;-1.49644575;2020-03-04T07:58:03;28.02;;;10.45;;
32182;SDS011;18684;53.34767568;-1.49644575;2020-03-04T08:00:29;25.88;;;10.50;;
32182;SDS011;18684;53.34767568;-1.49644575;2020-03-04T08:02:54;24.00;;;9.95;;
32182;SDS011;18684;53.34767568;-1.49644575;2020-03-04T08:05:20;28.08;;;10.77;;
32182;SDS011;18684;53.34767568;-1.49644575;2020-03-04T08:07:46;32.35;;;10.27;;
32182;SDS011;18684;53.34767568;-1.49644575;2020-03-04T08:10:13;23.48;;;10.45;;
32182;SDS011;18684;53.34767568;-1.49644575;2020-03-04T08:12:39;28.30;;;8.43;;
32182;SDS011;18684;53.34767568;-1.49644575;2020-03-04T08:15:05;23.00;;;9.48;;
32182;SDS011;18684;53.34767568;-1.49644575;2020-03-04T08:17:31;21.60;;;10.93;;
32182;SDS011;18684;53.34767568;-1.49644575;2020-03-04T08:19:58;25.80;;;11.25;;
32182;SDS011;18684;53.34767568;-1.49644575;2020-03-04T08:22:28;30.37;;;9.40;;
32182;SDS011;18684;53.34767568;-1.49644575;2020-03-04T08:24:54;23.48;;;9.82;;
32182;SDS011;18684;53.34767568;-1.49644575;2020-03-04T08:27:19;20.27;;;8.02;;
32182;SDS011;18684;53.34767568;-1.49644575;2020-03-04T08:29:46;16.83;;;6.00;;
32182;SDS011;18684;53.34767568;-1.49644575;2020-03-04T08:32:12;21.25;;;6.82;;
32182;SDS011;18684;53.34767568;-1.49644575;2020-03-04T08:34:37;65.05;;;26.30;;
32182;SDS011;18684;53.34767568;-1.49644575;2020-03-04T08:37:03;49.40;;;19.55;;
32182;SDS011;18684;53.34767568;-1.49644575;2020-03-04T08:39:29;58.72;;;24.48;;
32182;SDS011;18684;53.34767568;-1.49644575;2020-03-04T08:41:55;41.72;;;14.63;;
32182;SDS011;18684;53.34767568;-1.49644575;2020-03-04T08:44:20;35.60;;;10.98;;
32182;SDS011;18684;53.34767568;-1.49644575;2020-03-04T08:46:46;21.85;;;8.45;;
32182;SDS011;18684;53.34767568;-1.49644575;2020-03-04T08:49:12;24.30;;;6.55;;
32182;SDS011;18684;53.34767568;-1.49644575;2020-03-04T08:51:37;14.85;;;5.47;;
32182;SDS011;18684;53.34767568;-1.49644575;2020-03-04T08:54:03;15.73;;;4.43;;
32182;SDS011;18684;53.34767568;-1.49644575;2020-03-04T08:56:29;18.98;;;4.47;;
32182;SDS011;18684;53.34767568;-1.49644575;2020-03-04T08:58:56;22.95;;;6.57;;
32182;SDS011;18684;53.34767568;-1.49644575;2020-03-04T09:01:24;19.30;;;6.93;;
32182;SDS011;18684;53.34767568;-1.49644575;2020-03-04T09:03:50;24.35;;;7.25;;
32182;SDS011;18684;53.34767568;-1.49644575;2020-03-04T09:06:15;15.82;;;6.70;;
32182;SDS011;18684;53.34767568;-1.49644575;2020-03-04T09:08:41;18.50;;;6.15;;
32182;SDS011;18684;53.34767568;-1.49644575;2020-03-04T09:11:06;16.73;;;6.07;;
32182;SDS011;18684;53.34767568;-1.49644575;2020-03-04T09:13:33;12.37;;;5.03;;
32182;SDS011;18684;53.34767568;-1.49644575;2020-03-04T09:15:58;20.60;;;6.22;;
32182;SDS011;18684;53.34767568;-1.49644575;2020-03-04T09:18:24;18.35;;;6.15;;
32182;SDS011;18684;53.34767568;-1.49644575;2020-03-04T09:20:49;15.30;;;5.78;;
32182;SDS011;18684;53.34767568;-1.49644575;2020-03-04T09:23:15;22.40;;;5.80;;
32182;SDS011;18684;53.34767568;-1.49644575;2020-03-04T09:25:41;16.45;;;5.03;;
32182;SDS011;18684;53.34767568;-1.49644575;2020-03-04T09:28:06;16.40;;;4.87;;
32182;SDS011;18684;53.34767568;-1.49644575;2020-03-04T09:30:32;19.37;;;4.93;;
32182;SDS011;18684;53.34767568;-1.49644575;2020-03-04T09:32:58;14.50;;;4.30;;
32182;SDS011;18684;53.34767568;-1.49644575;2020-03-04T09:35:23;20.58;;;4.93;;
32182;SDS011;18684;53.34767568;-1.49644575;2020-03-04T09:37:49;13.65;;;4.22;;
32182;SDS011;18684;53.34767568;-1.49644575;2020-03-04T09:40:33;13.85;;;5.20;;
32182;SDS011;18684;53.34767568;-1.49644575;2020-03-04T09:42:59;8.52;;;4.22;;
32182;SDS011;18684;53.34767568;-1.49644575;2020-03-04T09:45:24;20.58;;;4.97;;
32182;SDS011;18684;53.34767568;-1.49644575;2020-03-04T09:47:50;15.82;;;5.00;;
32182;SDS011;18684;53.34767568;-1.49644575;2020-03-04T09:50:15;19.42;;;6.70;;
32182;SDS011;18684;53.34767568;-1.49644575;2020-03-04T09:52:41;16.42;;;5.55;;
32182;SDS011;18684;53.34767568;-1.49644575;2020-03-04T09:55:06;19.35;;;5.32;;
32182;SDS011;18684;53.34767568;-1.49644575;2020-03-04T09:57:32;22.00;;;5.60;;
32182;SDS011;18684;53.34767568;-1.49644575;2020-03-04T09:59:57;15.65;;;5.35;;
32182;SDS011;18684;53.34767568;-1.49644575;2020-03-04T10:02:26;24.05;;;4.45;;
32182;SDS011;18684;53.34767568;-1.49644575;2020-03-04T10:04:51;11.65;;;3.35;;
32182;SDS011;18684;53.34767568;-1.49644575;2020-03-04T10:07:17;22.50;;;3.08;;
32182;SDS011;18684;53.34767568;-1.49644575;2020-03-04T10:09:43;15.52;;;2.65;;
32182;SDS011;18684;53.34767568;-1.49644575;2020-03-04T10:12:08;15.00;;;3.05;;
32182;SDS011;18684;53.34767568;-1.49644575;2020-03-04T10:14:34;7.82;;;2.33;;
32182;SDS011;18684;53.34767568;-1.49644575;2020-03-04T10:16:59;14.65;;;3.33;;
32182;SDS011;18684;53.34767568;-1.49644575;2020-03-04T10:19:25;12.37;;;2.37;;
32182;SDS011;18684;53.34767568;-1.49644575;2020-03-04T10:21:50;11.65;;;2.62;;
32182;SDS011;18684;53.34767568;-1.49644575;2020-03-04T10:24:16;12.73;;;3.55;;
32182;SDS011;18684;53.34767568;-1.49644575;2020-03-04T10:26:41;15.75;;;2.25;;
32182;SDS011;18684;53.34767568;-1.49644575;2020-03-04T10:29:07;18.45;;;3.58;;
32182;SDS011;18684;53.34767568;-1.49644575;2020-03-04T10:31:33;12.85;;;2.62;;
32182;SDS011;18684;53.34767568;-1.49644575;2020-03-04T10:33:58;10.95;;;2.40;;
32182;SDS011;18684;53.34767568;-1.49644575;2020-03-04T10:36:24;8.75;;;2.67;;
32182;SDS011;18684;53.34767568;-1.49644575;2020-03-04T10:38:49;12.25;;;2.80;;
32182;SDS011;18684;53.34767568;-1.49644575;2020-03-04T10:41:15;10.15;;;2.45;;
32182;SDS011;18684;53.34767568;-1.49644575;2020-03-04T10:43:40;16.60;;;2.33;;
32182;SDS011;18684;53.34767568;-1.49644575;2020-03-04T10:46:06;18.90;;;2.17;;
32182;SDS011;18684;53.34767568;-1.49644575;2020-03-04T10:48:31;6.47;;;2.22;;
32182;SDS011;18684;53.34767568;-1.49644575;2020-03-04T10:50:57;9.20;;;2.20;;
32182;SDS011;18684;53.34767568;-1.49644575;2020-03-04T10:53:22;10.55;;;2.30;;
32182;SDS011;18684;53.34767568;-1.49644575;2020-03-04T10:55:48;12.07;;;2.28;;
32182;SDS011;18684;53.34767568;-1.49644575;2020-03-04T10:58:13;21.55;;;2.78;;
32182;SDS011;18684;53.34767568;-1.49644575;2020-03-04T11:00:39;11.88;;;2.70;;
32182;SDS011;18684;53.34767568;-1.49644575;2020-03-04T11:03:05;15.65;;;3.45;;
32182;SDS011;18684;53.34767568;-1.49644575;2020-03-04T11:05:30;23.40;;;6.75;;
32182;SDS011;18684;53.34767568;-1.49644575;2020-03-04T11:07:56;14.13;;;4.62;;
32182;SDS011;18684;53.34767568;-1.49644575;2020-03-04T11:10:21;15.60;;;5.20;;
32182;SDS011;18684;53.34767568;-1.49644575;2020-03-04T11:12:47;18.02;;;5.20;;
32182;SDS011;18684;53.34767568;-1.49644575;2020-03-04T11:15:13;19.58;;;5.87;;
32182;SDS011;18684;53.34767568;-1.49644575;2020-03-04T11:17:38;19.27;;;4.97;;
32182;SDS011;18684;53.34767568;-1.49644575;2020-03-04T11:20:04;17.48;;;5.20;;
32182;SDS011;18684;53.34767568;-1.49644575;2020-03-04T11:22:30;23.42;;;6.18;;
32182;SDS011;18684;53.34767568;-1.49644575;2020-03-04T11:24:55;21.60;;;5.62;;
32182;SDS011;18684;53.34767568;-1.49644575;2020-03-04T11:27:20;16.90;;;5.22;;
32182;SDS011;18684;53.34767568;-1.49644575;2020-03-04T11:29:46;17.08;;;5.45;;
32182;SDS011;18684;53.34767568;-1.49644575;2020-03-04T11:32:12;31.15;;;8.07;;
32182;SDS011;18684;53.34767568;-1.49644575;2020-03-04T11:34:37;18.62;;;5.55;;
32182;SDS011;18684;53.34767568;-1.49644575;2020-03-04T11:37:03;22.52;;;5.40;;
32182;SDS011;18684;53.34767568;-1.49644575;2020-03-04T11:39:28;15.88;;;4.60;;
32182;SDS011;18684;53.34767568;-1.49644575;2020-03-04T11:42:20;19.00;;;5.30;;
32182;SDS011;18684;53.34767568;-1.49644575;2020-03-04T11:45:00;18.25;;;4.53;;
32182;SDS011;18684;53.34767568;-1.49644575;2020-03-04T11:47:26;20.20;;;5.45;;
32182;SDS011;18684;53.34767568;-1.49644575;2020-03-04T11:49:52;16.25;;;4.40;;
32182;SDS011;18684;53.34767568;-1.49644575;2020-03-04T11:52:17;26.85;;;4.35;;
32182;SDS011;18684;53.34767568;-1.49644575;2020-03-04T11:54:43;17.27;;;4.62;;
32182;SDS011;18684;53.34767568;-1.49644575;2020-03-04T11:57:09;16.87;;;5.07;;
32182;SDS011;18684;53.34767568;-1.49644575;2020-03-04T11:59:34;18.52;;;5.30;;
32182;SDS011;18684;53.34767568;-1.49644575;2020-03-04T12:02:00;23.33;;;5.12;;
32182;SDS011;18684;53.34767568;-1.49644575;2020-03-04T12:04:44;21.37;;;4.25;;
32182;SDS011;18684;53.34767568;-1.49644575;2020-03-04T12:07:09;20.12;;;4.53;;
32182;SDS011;18684;53.34767568;-1.49644575;2020-03-04T12:09:35;16.33;;;5.53;;
32182;SDS011;18684;53.34767568;-1.49644575;2020-03-04T12:12:00;19.98;;;5.80;;
32182;SDS011;18684;53.34767568;-1.49644575;2020-03-04T12:14:25;17.17;;;4.80;;
32182;SDS011;18684;53.34767568;-1.49644575;2020-03-04T12:16:51;19.02;;;4.32;;
32182;SDS011;18684;53.34767568;-1.49644575;2020-03-04T12:19:17;14.68;;;4.32;;
32182;SDS011;18684;53.34767568;-1.49644575;2020-03-04T12:21:42;16.58;;;4.30;;
32182;SDS011;18684;53.34767568;-1.49644575;2020-03-04T12:24:08;19.98;;;4.43;;
32182;SDS011;18684;53.34767568;-1.49644575;2020-03-04T12:26:33;18.92;;;5.10;;
32182;SDS011;18684;53.34767568;-1.49644575;2020-03-04T12:28:59;12.30;;;2.90;;
32182;SDS011;18684;53.34767568;-1.49644575;2020-03-04T12:31:24;13.27;;;2.72;;
32182;SDS011;18684;53.34767568;-1.49644575;2020-03-04T12:33:50;8.40;;;2.42;;
32182;SDS011;18684;53.34767568;-1.49644575;2020-03-04T12:36:15;11.27;;;2.95;;
32182;SDS011;18684;53.34767568;-1.49644575;2020-03-04T12:38:41;8.45;;;2.40;;
32182;SDS011;18684;53.34767568;-1.49644575;2020-03-04T12:41:06;9.98;;;2.42;;
32182;SDS011;18684;53.34767568;-1.49644575;2020-03-04T12:43:32;9.95;;;2.42;;
32182;SDS011;18684;53.34767568;-1.49644575;2020-03-04T12:45:57;24.23;;;2.95;;
32182;SDS011;18684;53.34767568;-1.49644575;2020-03-04T12:48:23;9.07;;;2.35;;
32182;SDS011;18684;53.34767568;-1.49644575;2020-03-04T12:50:48;11.93;;;2.60;;
32182;SDS011;18684;53.34767568;-1.49644575;2020-03-04T12:53:14;12.73;;;2.55;;
32182;SDS011;18684;53.34767568;-1.49644575;2020-03-04T12:55:40;7.32;;;2.33;;
32182;SDS011;18684;53.34767568;-1.49644575;2020-03-04T12:58:05;11.43;;;3.42;;
32182;SDS011;18684;53.34767568;-1.49644575;2020-03-04T13:00:31;14.23;;;3.72;;
32182;SDS011;18684;53.34767568;-1.49644575;2020-03-04T13:02:57;13.45;;;2.95;;
32182;SDS011;18684;53.34767568;-1.49644575;2020-03-04T13:05:23;12.45;;;3.17;;
32182;SDS011;18684;53.34767568;-1.49644575;2020-03-04T13:07:48;21.00;;;2.72;;
32182;SDS011;18684;53.34767568;-1.49644575;2020-03-04T13:10:14;13.52;;;2.70;;
32182;SDS011;18684;53.34767568;-1.49644575;2020-03-04T13:12:40;14.73;;;2.95;;
32182;SDS011;18684;53.34767568;-1.49644575;2020-03-04T13:15:06;11.00;;;2.87;;
32182;SDS011;18684;53.34767568;-1.49644575;2020-03-04T13:17:32;16.85;;;3.35;;
32182;SDS011;18684;53.34767568;-1.49644575;2020-03-04T13:19:58;12.68;;;3.30;;
32182;SDS011;18684;53.34767568;-1.49644575;2020-03-04T13:22:23;17.33;;;3.10;;
32182;SDS011;18684;53.34767568;-1.49644575;2020-03-04T13:24:49;10.23;;;2.30;;
32182;SDS011;18684;53.34767568;-1.49644575;2020-03-04T13:27:15;11.63;;;3.45;;
32182;SDS011;18684;53.34767568;-1.49644575;2020-03-04T13:29:41;9.38;;;2.12;;
32182;SDS011;18684;53.34767568;-1.49644575;2020-03-04T13:32:07;8.45;;;2.80;;
32182;SDS011;18684;53.34767568;-1.49644575;2020-03-04T13:34:32;17.10;;;3.05;;
32182;SDS011;18684;53.34767568;-1.49644575;2020-03-04T13:36:58;10.20;;;3.00;;
32182;SDS011;18684;53.34767568;-1.49644575;2020-03-04T13:39:24;19.80;;;3.85;;
32182;SDS011;18684;53.34767568;-1.49644575;2020-03-04T13:41:50;18.23;;;3.95;;
32182;SDS011;18684;53.34767568;-1.49644575;2020-03-04T13:44:15;12.93;;;2.92;;
32182;SDS011;18684;53.34767568;-1.49644575;2020-03-04T13:46:41;10.38;;;2.28;;
32182;SDS011;18684;53.34767568;-1.49644575;2020-03-04T13:49:06;11.52;;;2.50;;
32182;SDS011;18684;53.34767568;-1.49644575;2020-03-04T13:51:32;4.25;;;2.03;;
32182;SDS011;18684;53.34767568;-1.49644575;2020-03-04T13:53:57;11.18;;;2.55;;
32182;SDS011;18684;53.34767568;-1.49644575;2020-03-04T13:56:23;10.55;;;3.33;;
32182;SDS011;18684;53.34767568;-1.49644575;2020-03-04T13:58:49;8.10;;;2.30;;
32182;SDS011;18684;53.34767568;-1.49644575;2020-03-04T14:01:15;16.85;;;1.98;;
32182;SDS011;18684;53.34767568;-1.49644575;2020-03-04T14:03:42;12.77;;;2.55;;
32182;SDS011;18684;53.34767568;-1.49644575;2020-03-04T14:06:08;8.50;;;2.35;;
32182;SDS011;18684;53.34767568;-1.49644575;2020-03-04T14:08:33;8.25;;;2.50;;
32182;SDS011;18684;53.34767568;-1.49644575;2020-03-04T14:11:18;10.60;;;2.85;;
32182;SDS011;18684;53.34767568;-1.49644575;2020-03-04T14:13:44;16.67;;;2.60;;
32182;SDS011;18684;53.34767568;-1.49644575;2020-03-04T14:16:11;13.38;;;2.95;;
32182;SDS011;18684;53.34767568;-1.49644575;2020-03-04T14:18:36;9.13;;;2.90;;
32182;SDS011;18684;53.34767568;-1.49644575;2020-03-04T14:21:02;10.77;;;2.62;;
32182;SDS011;18684;53.34767568;-1.49644575;2020-03-04T14:23:28;10.65;;;3.05;;
32182;SDS011;18684;53.34767568;-1.49644575;2020-03-04T14:25:54;15.73;;;2.40;;
32182;SDS011;18684;53.34767568;-1.49644575;2020-03-04T14:28:19;9.13;;;2.75;;
32182;SDS011;18684;53.34767568;-1.49644575;2020-03-04T14:30:45;12.35;;;2.55;;
32182;SDS011;18684;53.34767568;-1.49644575;2020-03-04T14:33:10;6.60;;;2.50;;
32182;SDS011;18684;53.34767568;-1.49644575;2020-03-04T14:35:36;11.73;;;2.80;;
32182;SDS011;18684;53.34767568;-1.49644575;2020-03-04T14:38:02;10.57;;;2.47;;
32182;SDS011;18684;53.34767568;-1.49644575;2020-03-04T14:40:27;17.17;;;2.80;;
32182;SDS011;18684;53.34767568;-1.49644575;2020-03-04T14:42:53;12.75;;;2.78;;
32182;SDS011;18684;53.34767568;-1.49644575;2020-03-04T14:45:18;11.95;;;2.85;;
32182;SDS011;18684;53.34767568;-1.49644575;2020-03-04T14:47:44;15.32;;;3.05;;
32182;SDS011;18684;53.34767568;-1.49644575;2020-03-04T14:50:09;14.50;;;2.60;;
32182;SDS011;18684;53.34767568;-1.49644575;2020-03-04T14:52:35;10.98;;;2.70;;
32182;SDS011;18684;53.34767568;-1.49644575;2020-03-04T14:55:00;15.05;;;2.70;;
32182;SDS011;18684;53.34767568;-1.49644575;2020-03-04T14:57:26;12.23;;;2.67;;
32182;SDS011;18684;53.34767568;-1.49644575;2020-03-04T14:59:51;14.57;;;3.35;;
32182;SDS011;18684;53.34767568;-1.49644575;2020-03-04T15:02:17;9.55;;;2.60;;
32182;SDS011;18684;53.34767568;-1.49644575;2020-03-04T15:04:42;9.38;;;2.40;;
32182;SDS011;18684;53.34767568;-1.49644575;2020-03-04T15:07:08;10.10;;;2.97;;
32182;SDS011;18684;53.34767568;-1.49644575;2020-03-04T15:09:33;9.63;;;2.90;;
32182;SDS011;18684;53.34767568;-1.49644575;2020-03-04T15:11:59;5.37;;;2.90;;
32182;SDS011;18684;53.34767568;-1.49644575;2020-03-04T15:14:24;12.48;;;3.00;;
32182;SDS011;18684;53.34767568;-1.49644575;2020-03-04T15:16:50;12.60;;;2.90;;
32182;SDS011;18684;53.34767568;-1.49644575;2020-03-04T15:19:15;11.73;;;2.50;;
32182;SDS011;18684;53.34767568;-1.49644575;2020-03-04T15:21:41;10.65;;;2.92;;
32182;SDS011;18684;53.34767568;-1.49644575;2020-03-04T15:24:06;5.43;;;2.87;;
32182;SDS011;18684;53.34767568;-1.49644575;2020-03-04T15:26:32;14.55;;;2.80;;
32182;SDS011;18684;53.34767568;-1.49644575;2020-03-04T15:28:58;12.88;;;3.37;;
32182;SDS011;18684;53.34767568;-1.49644575;2020-03-04T15:31:23;10.40;;;3.00;;
32182;SDS011;18684;53.34767568;-1.49644575;2020-03-04T15:33:49;9.75;;;3.00;;
32182;SDS011;18684;53.34767568;-1.49644575;2020-03-04T15:36:14;12.18;;;2.85;;
32182;SDS011;18684;53.34767568;-1.49644575;2020-03-04T15:38:40;11.38;;;2.60;;
32182;SDS011;18684;53.34767568;-1.49644575;2020-03-04T15:41:05;9.48;;;3.00;;
32182;SDS011;18684;53.34767568;-1.49644575;2020-03-04T15:43:31;9.38;;;2.50;;
32182;SDS011;18684;53.34767568;-1.49644575;2020-03-04T15:45:57;14.68;;;2.75;;
32182;SDS011;18684;53.34767568;-1.49644575;2020-03-04T15:48:23;13.93;;;3.00;;
32182;SDS011;18684;53.34767568;-1.49644575;2020-03-04T15:50:49;11.30;;;3.00;;
32182;SDS011;18684;53.34767568;-1.49644575;2020-03-04T15:53:15;12.63;;;3.55;;
32182;SDS011;18684;53.34767568;-1.49644575;2020-03-04T15:55:40;7.43;;;2.80;;
32182;SDS011;18684;53.34767568;-1.49644575;2020-03-04T15:58:06;9.10;;;3.08;;
32182;SDS011;18684;53.34767568;-1.49644575;2020-03-04T16:00:32;16.62;;;3.45;;
32182;SDS011;18684;53.34767568;-1.49644575;2020-03-04T16:02:58;11.85;;;2.75;;
32182;SDS011;18684;53.34767568;-1.49644575;2020-03-04T16:05:25;9.77;;;3.15;;
32182;SDS011;18684;53.34767568;-1.49644575;2020-03-04T16:07:51;13.05;;;3.05;;
32182;SDS011;18684;53.34767568;-1.49644575;2020-03-04T16:10:17;13.27;;;3.05;;
32182;SDS011;18684;53.34767568;-1.49644575;2020-03-04T16:12:43;13.32;;;3.40;;
32182;SDS011;18684;53.34767568;-1.49644575;2020-03-04T16:15:09;14.00;;;3.08;;
32182;SDS011;18684;53.34767568;-1.49644575;2020-03-04T16:17:35;14.40;;;3.20;;
32182;SDS011;18684;53.34767568;-1.49644575;2020-03-04T16:20:01;10.25;;;3.65;;
32182;SDS011;18684;53.34767568;-1.49644575;2020-03-04T16:22:29;23.33;;;5.07;;
32182;SDS011;18684;53.34767568;-1.49644575;2020-03-04T16:24:55;10.65;;;2.95;;
32182;SDS011;18684;53.34767568;-1.49644575;2020-03-04T16:27:21;21.10;;;3.42;;
32182;SDS011;18684;53.34767568;-1.49644575;2020-03-04T16:29:48;13.02;;;3.58;;
32182;SDS011;18684;53.34767568;-1.49644575;2020-03-04T16:32:13;15.13;;;3.90;;
32182;SDS011;18684;53.34767568;-1.49644575;2020-03-04T16:34:39;16.65;;;4.18;;
32182;SDS011;18684;53.34767568;-1.49644575;2020-03-04T16:37:05;12.00;;;3.33;;
32182;SDS011;18684;53.34767568;-1.49644575;2020-03-04T16:39:30;23.73;;;4.87;;
32182;SDS011;18684;53.34767568;-1.49644575;2020-03-04T16:41:56;13.80;;;3.72;;
32182;SDS011;18684;53.34767568;-1.49644575;2020-03-04T16:44:22;18.48;;;4.20;;
32182;SDS011;18684;53.34767568;-1.49644575;2020-03-04T16:46:47;17.58;;;4.03;;
32182;SDS011;18684;53.34767568;-1.49644575;2020-03-04T16:49:15;20.70;;;4.18;;
32182;SDS011;18684;53.34767568;-1.49644575;2020-03-04T16:51:40;19.67;;;3.87;;
32182;SDS011;18684;53.34767568;-1.49644575;2020-03-04T16:54:06;12.85;;;4.03;;
32182;SDS011;18684;53.34767568;-1.49644575;2020-03-04T16:56:32;18.27;;;5.20;;
32182;SDS011;18684;53.34767568;-1.49644575;2020-03-04T16:58:57;17.95;;;4.22;;
32182;SDS011;18684;53.34767568;-1.49644575;2020-03-04T17:01:23;13.38;;;4.05;;
32182;SDS011;18684;53.34767568;-1.49644575;2020-03-04T17:03:48;14.73;;;4.28;;
32182;SDS011;18684;53.34767568;-1.49644575;2020-03-04T17:06:14;12.98;;;3.87;;
32182;SDS011;18684;53.34767568;-1.49644575;2020-03-04T17:08:39;11.95;;;3.08;;
32182;SDS011;18684;53.34767568;-1.49644575;2020-03-04T17:11:06;10.50;;;3.42;;
32182;SDS011;18684;53.34767568;-1.49644575;2020-03-04T17:13:38;19.48;;;3.60;;
32182;SDS011;18684;53.34767568;-1.49644575;2020-03-04T17:18:32;16.05;;;3.22;;
32182;SDS011;18684;53.34767568;-1.49644575;2020-03-04T17:21:00;16.80;;;3.00;;
32182;SDS011;18684;53.34767568;-1.49644575;2020-03-04T17:23:26;16.95;;;3.90;;
32182;SDS011;18684;53.34767568;-1.49644575;2020-03-04T17:25:52;10.25;;;3.50;;
32182;SDS011;18684;53.34767568;-1.49644575;2020-03-04T17:28:18;17.02;;;3.33;;
32182;SDS011;18684;53.34767568;-1.49644575;2020-03-04T17:30:44;20.23;;;3.78;;
32182;SDS011;18684;53.34767568;-1.49644575;2020-03-04T17:33:10;15.43;;;3.72;;
32182;SDS011;18684;53.34767568;-1.49644575;2020-03-04T17:35:36;11.25;;;2.78;;
32182;SDS011;18684;53.34767568;-1.49644575;2020-03-04T17:38:02;21.62;;;4.47;;
32182;SDS011;18684;53.34767568;-1.49644575;2020-03-04T17:40:27;19.20;;;5.22;;
32182;SDS011;18684;53.34767568;-1.49644575;2020-03-04T17:42:53;12.50;;;5.05;;
32182;SDS011;18684;53.34767568;-1.49644575;2020-03-04T17:45:19;19.35;;;6.18;;
32182;SDS011;18684;53.34767568;-1.49644575;2020-03-04T17:47:44;17.70;;;6.00;;
32182;SDS011;18684;53.34767568;-1.49644575;2020-03-04T17:50:10;17.08;;;6.40;;
32182;SDS011;18684;53.34767568;-1.49644575;2020-03-04T17:52:36;20.45;;;5.85;;
32182;SDS011;18684;53.34767568;-1.49644575;2020-03-04T17:55:02;30.45;;;8.27;;
32182;SDS011;18684;53.34767568;-1.49644575;2020-03-04T17:57:27;26.23;;;6.53;;
32182;SDS011;18684;53.34767568;-1.49644575;2020-03-04T17:59:53;18.02;;;7.30;;
32182;SDS011;18684;53.34767568;-1.49644575;2020-03-04T18:02:18;20.05;;;5.57;;
32182;SDS011;18684;53.34767568;-1.49644575;2020-03-04T18:04:44;19.35;;;7.93;;
32182;SDS011;18684;53.34767568;-1.49644575;2020-03-04T18:07:11;24.08;;;7.80;;
32182;SDS011;18684;53.34767568;-1.49644575;2020-03-04T18:09:39;25.40;;;8.48;;
32182;SDS011;18684;53.34767568;-1.49644575;2020-03-04T18:12:05;23.27;;;10.05;;
32182;SDS011;18684;53.34767568;-1.49644575;2020-03-04T18:14:31;17.73;;;8.27;;
32182;SDS011;18684;53.34767568;-1.49644575;2020-03-04T18:17:15;22.67;;;9.50;;
32182;SDS011;18684;53.34767568;-1.49644575;2020-03-04T18:19:41;21.33;;;8.05;;
32182;SDS011;18684;53.34767568;-1.49644575;2020-03-04T18:22:06;23.75;;;7.75;;
32182;SDS011;18684;53.34767568;-1.49644575;2020-03-04T18:24:32;22.17;;;8.88;;
32182;SDS011;18684;53.34767568;-1.49644575;2020-03-04T18:26:58;30.30;;;11.65;;
32182;SDS011;18684;53.34767568;-1.49644575;2020-03-04T18:29:24;38.97;;;13.43;;
32182;SDS011;18684;53.34767568;-1.49644575;2020-03-04T18:31:49;29.30;;;11.32;;
32182;SDS011;18684;53.34767568;-1.49644575;2020-03-04T18:34:17;26.50;;;11.98;;
32182;SDS011;18684;53.34767568;-1.49644575;2020-03-04T18:36:42;35.97;;;14.90;;
32182;SDS011;18684;53.34767568;-1.49644575;2020-03-04T18:39:11;30.00;;;12.30;;
32182;SDS011;18684;53.34767568;-1.49644575;2020-03-04T18:41:48;27.92;;;10.38;;
32182;SDS011;18684;53.34767568;-1.49644575;2020-03-04T18:44:15;23.83;;;9.75;;
32182;SDS011;18684;53.34767568;-1.49644575;2020-03-04T18:46:41;22.40;;;10.50;;
32182;SDS011;18684;53.34767568;-1.49644575;2020-03-04T18:49:07;33.15;;;15.15;;
32182;SDS011;18684;53.34767568;-1.49644575;2020-03-04T18:51:33;38.25;;;12.32;;
32182;SDS011;18684;53.34767568;-1.49644575;2020-03-04T18:54:00;25.98;;;9.93;;
32182;SDS011;18684;53.34767568;-1.49644575;2020-03-04T18:56:28;22.35;;;10.80;;
32182;SDS011;18684;53.34767568;-1.49644575;2020-03-04T18:58:55;31.80;;;13.07;;
32182;SDS011;18684;53.34767568;-1.49644575;2020-03-04T19:01:23;32.50;;;14.27;;
32182;SDS011;18684;53.34767568;-1.49644575;2020-03-04T19:03:50;30.02;;;12.88;;
32182;SDS011;18684;53.34767568;-1.49644575;2020-03-04T19:06:17;26.92;;;12.60;;
32182;SDS011;18684;53.34767568;-1.49644575;2020-03-04T19:08:42;28.87;;;11.10;;
32182;SDS011;18684;53.34767568;-1.49644575;2020-03-04T19:11:09;26.85;;;10.85;;
32182;SDS011;18684;53.34767568;-1.49644575;2020-03-04T19:13:34;30.20;;;12.30;;
32182;SDS011;18684;53.34767568;-1.49644575;2020-03-04T19:16:03;30.70;;;10.02;;
32182;SDS011;18684;53.34767568;-1.49644575;2020-03-04T19:18:29;25.85;;;9.13;;
32182;SDS011;18684;53.34767568;-1.49644575;2020-03-04T19:21:01;28.27;;;9.25;;
32182;SDS011;18684;53.34767568;-1.49644575;2020-03-04T19:23:26;25.83;;;10.23;;
32182;SDS011;18684;53.34767568;-1.49644575;2020-03-04T19:25:52;24.37;;;10.93;;
32182;SDS011;18684;53.34767568;-1.49644575;2020-03-04T19:28:18;27.40;;;10.43;;
32182;SDS011;18684;53.34767568;-1.49644575;2020-03-04T19:30:44;24.92;;;10.38;;
32182;SDS011;18684;53.34767568;-1.49644575;2020-03-04T19:33:10;24.05;;;10.18;;
32182;SDS011;18684;53.34767568;-1.49644575;2020-03-04T19:35:37;23.35;;;10.63;;
32182;SDS011;18684;53.34767568;-1.49644575;2020-03-04T19:38:07;27.13;;;10.85;;
32182;SDS011;18684;53.34767568;-1.49644575;2020-03-04T19:40:33;26.83;;;12.40;;
32182;SDS011;18684;53.34767568;-1.49644575;2020-03-04T19:42:59;26.70;;;10.80;;
32182;SDS011;18684;53.34767568;-1.49644575;2020-03-04T19:45:27;33.65;;;10.85;;
32182;SDS011;18684;53.34767568;-1.49644575;2020-03-04T19:47:53;27.35;;;10.50;;
32182;SDS011;18684;53.34767568;-1.49644575;2020-03-04T19:50:20;31.85;;;11.07;;
32182;SDS011;18684;53.34767568;-1.49644575;2020-03-04T19:52:49;22.27;;;9.57;;
32182;SDS011;18684;53.34767568;-1.49644575;2020-03-04T19:55:16;27.15;;;8.85;;
32182;SDS011;18684;53.34767568;-1.49644575;2020-03-04T19:57:44;27.50;;;10.07;;
32182;SDS011;18684;53.34767568;-1.49644575;2020-03-04T20:00:10;21.08;;;9.90;;
32182;SDS011;18684;53.34767568;-1.49644575;2020-03-04T20:02:35;29.02;;;9.68;;
32182;SDS011;18684;53.34767568;-1.49644575;2020-03-04T20:05:02;26.62;;;10.10;;
32182;SDS011;18684;53.34767568;-1.49644575;2020-03-04T20:07:28;34.40;;;12.55;;
32182;SDS011;18684;53.34767568;-1.49644575;2020-03-04T20:09:54;32.60;;;11.27;;
32182;SDS011;18684;53.34767568;-1.49644575;2020-03-04T20:12:20;29.33;;;11.98;;
32182;SDS011;18684;53.34767568;-1.49644575;2020-03-04T20:14:45;28.70;;;12.75;;
32182;SDS011;18684;53.34767568;-1.49644575;2020-03-04T20:17:13;29.17;;;13.55;;
32182;SDS011;18684;53.34767568;-1.49644575;2020-03-04T20:19:39;31.95;;;13.52;;
32182;SDS011;18684;53.34767568;-1.49644575;2020-03-04T20:22:05;36.80;;;14.13;;
32182;SDS011;18684;53.34767568;-1.49644575;2020-03-04T20:24:31;40.70;;;14.23;;
32182;SDS011;18684;53.34767568;-1.49644575;2020-03-04T20:26:57;33.30;;;14.38;;
32182;SDS011;18684;53.34767568;-1.49644575;2020-03-04T20:29:25;36.45;;;14.20;;
32182;SDS011;18684;53.34767568;-1.49644575;2020-03-04T20:31:51;32.85;;;12.37;;
32182;SDS011;18684;53.34767568;-1.49644575;2020-03-04T20:34:19;31.65;;;12.48;;
32182;SDS011;18684;53.34767568;-1.49644575;2020-03-04T20:36:45;36.97;;;14.32;;
32182;SDS011;18684;53.34767568;-1.49644575;2020-03-04T20:39:10;24.87;;;11.32;;
32182;SDS011;18684;53.34767568;-1.49644575;2020-03-04T20:41:42;32.15;;;12.02;;
32182;SDS011;18684;53.34767568;-1.49644575;2020-03-04T20:44:26;35.28;;;13.80;;
32182;SDS011;18684;53.34767568;-1.49644575;2020-03-04T20:46:52;30.92;;;13.30;;
32182;SDS011;18684;53.34767568;-1.49644575;2020-03-04T20:49:19;21.12;;;11.60;;
32182;SDS011;18684;53.34767568;-1.49644575;2020-03-04T20:51:44;30.23;;;12.98;;
32182;SDS011;18684;53.34767568;-1.49644575;2020-03-04T20:54:10;24.73;;;11.38;;
32182;SDS011;18684;53.34767568;-1.49644575;2020-03-04T20:56:36;25.05;;;11.50;;
32182;SDS011;18684;53.34767568;-1.49644575;2020-03-04T20:59:02;30.25;;;12.50;;
32182;SDS011;18684;53.34767568;-1.49644575;2020-03-04T21:01:28;23.62;;;10.73;;
32182;SDS011;18684;53.34767568;-1.49644575;2020-03-04T21:03:53;27.95;;;11.25;;
32182;SDS011;18684;53.34767568;-1.49644575;2020-03-04T21:06:19;21.87;;;10.45;;
32182;SDS011;18684;53.34767568;-1.49644575;2020-03-04T21:08:45;23.80;;;10.52;;
32182;SDS011;18684;53.34767568;-1.49644575;2020-03-04T21:11:11;18.20;;;9.48;;
32182;SDS011;18684;53.34767568;-1.49644575;2020-03-04T21:13:37;23.33;;;10.18;;
32182;SDS011;18684;53.34767568;-1.49644575;2020-03-04T21:16:03;33.78;;;11.10;;
32182;SDS011;18684;53.34767568;-1.49644575;2020-03-04T21:18:33;22.13;;;11.48;;
32182;SDS011;18684;53.34767568;-1.49644575;2020-03-04T21:20:58;32.20;;;14.43;;
32182;SDS011;18684;53.34767568;-1.49644575;2020-03-04T21:23:24;35.65;;;15.02;;
32182;SDS011;18684;53.34767568;-1.49644575;2020-03-04T21:25:50;38.53;;;14.85;;
32182;SDS011;18684;53.34767568;-1.49644575;2020-03-04T21:28:16;34.80;;;14.20;;
32182;SDS011;18684;53.34767568;-1.49644575;2020-03-04T21:30:43;32.92;;;14.90;;
32182;SDS011;18684;53.34767568;-1.49644575;2020-03-04T21:33:09;28.48;;;12.57;;
32182;SDS011;18684;53.34767568;-1.49644575;2020-03-04T21:35:35;26.30;;;12.95;;
32182;SDS011;18684;53.34767568;-1.49644575;2020-03-04T21:38:01;30.35;;;12.20;;
32182;SDS011;18684;53.34767568;-1.49644575;2020-03-04T21:40:28;29.33;;;12.80;;
32182;SDS011;18684;53.34767568;-1.49644575;2020-03-04T21:42:53;27.75;;;12.45;;
32182;SDS011;18684;53.34767568;-1.49644575;2020-03-04T21:45:19;23.38;;;11.85;;
32182;SDS011;18684;53.34767568;-1.49644575;2020-03-04T21:47:45;26.48;;;11.07;;
32182;SDS011;18684;53.34767568;-1.49644575;2020-03-04T21:50:13;27.52;;;13.23;;
32182;SDS011;18684;53.34767568;-1.49644575;2020-03-04T21:52:39;22.77;;;11.70;;
32182;SDS011;18684;53.34767568;-1.49644575;2020-03-04T21:55:05;31.05;;;13.75;;
32182;SDS011;18684;53.34767568;-1.49644575;2020-03-04T21:57:31;28.27;;;13.73;;
32182;SDS011;18684;53.34767568;-1.49644575;2020-03-04T21:59:56;30.75;;;14.85;;
32182;SDS011;18684;53.34767568;-1.49644575;2020-03-04T22:02:23;34.05;;;14.55;;
32182;SDS011;18684;53.34767568;-1.49644575;2020-03-04T22:04:49;34.58;;;15.25;;
32182;SDS011;18684;53.34767568;-1.49644575;2020-03-04T22:07:15;29.58;;;14.65;;
32182;SDS011;18684;53.34767568;-1.49644575;2020-03-04T22:09:41;32.70;;;14.85;;
32182;SDS011;18684;53.34767568;-1.49644575;2020-03-04T22:12:10;26.02;;;13.55;;
32182;SDS011;18684;53.34767568;-1.49644575;2020-03-04T22:14:37;25.52;;;11.93;;
32182;SDS011;18684;53.34767568;-1.49644575;2020-03-04T22:17:07;29.80;;;11.70;;
32182;SDS011;18684;53.34767568;-1.49644575;2020-03-04T22:19:35;22.83;;;12.73;;
32182;SDS011;18684;53.34767568;-1.49644575;2020-03-04T22:22:03;28.08;;;12.50;;
32182;SDS011;18684;53.34767568;-1.49644575;2020-03-04T22:24:36;22.37;;;13.27;;
32182;SDS011;18684;53.34767568;-1.49644575;2020-03-04T22:27:07;25.60;;;12.02;;
32182;SDS011;18684;53.34767568;-1.49644575;2020-03-04T22:29:36;24.95;;;12.50;;
32182;SDS011;18684;53.34767568;-1.49644575;2020-03-04T22:32:18;29.37;;;12.27;;
32182;SDS011;18684;53.34767568;-1.49644575;2020-03-04T22:34:44;22.35;;;11.38;;
32182;SDS011;18684;53.34767568;-1.49644575;2020-03-04T22:37:11;26.20;;;11.20;;
32182;SDS011;18684;53.34767568;-1.49644575;2020-03-04T22:39:37;23.58;;;10.18;;
32182;SDS011;18684;53.34767568;-1.49644575;2020-03-04T22:42:04;20.90;;;10.73;;
32182;SDS011;18684;53.34767568;-1.49644575;2020-03-04T22:44:31;24.10;;;11.52;;
32182;SDS011;18684;53.34767568;-1.49644575;2020-03-04T22:46:58;26.10;;;11.98;;
32182;SDS011;18684;53.34767568;-1.49644575;2020-03-04T22:49:36;25.65;;;12.35;;
32182;SDS011;18684;53.34767568;-1.49644575;2020-03-04T22:52:14;27.15;;;11.82;;
32182;SDS011;18684;53.34767568;-1.49644575;2020-03-04T22:54:48;24.98;;;10.27;;
32182;SDS011;18684;53.34767568;-1.49644575;2020-03-04T22:57:35;17.87;;;8.52;;
32182;SDS011;18684;53.34767568;-1.49644575;2020-03-04T23:03:35;18.67;;;8.18;;
32182;SDS011;18684;53.34767568;-1.49644575;2020-03-04T23:06:02;17.15;;;7.20;;
32182;SDS011;18684;53.34767568;-1.49644575;2020-03-04T23:08:31;18.37;;;7.90;;
32182;SDS011;18684;53.34767568;-1.49644575;2020-03-04T23:10:59;20.67;;;7.45;;
32182;SDS011;18684;53.34767568;-1.49644575;2020-03-04T23:13:25;18.65;;;8.35;;
32182;SDS011;18684;53.34767568;-1.49644575;2020-03-04T23:15:55;25.15;;;9.63;;
32182;SDS011;18684;53.34767568;-1.49644575;2020-03-04T23:18:20;22.35;;;10.77;;
32182;SDS011;18684;53.34767568;-1.49644575;2020-03-04T23:20:46;22.17;;;10.30;;
32182;SDS011;18684;53.34767568;-1.49644575;2020-03-04T23:23:14;30.90;;;12.65;;
32182;SDS011;18684;53.34767568;-1.49644575;2020-03-04T23:25:39;23.05;;;11.18;;
32182;SDS011;18684;53.34767568;-1.49644575;2020-03-04T23:28:08;23.35;;;8.00;;
32182;SDS011;18684;53.34767568;-1.49644575;2020-03-04T23:30:34;19.40;;;7.45;;
32182;SDS011;18684;53.34767568;-1.49644575;2020-03-04T23:33:03;17.92;;;7.30;;
32182;SDS011;18684;53.34767568;-1.49644575;2020-03-04T23:35:29;17.27;;;7.18;;
32182;SDS011;18684;53.34767568;-1.49644575;2020-03-04T23:37:54;20.73;;;8.65;;
32182;SDS011;18684;53.34767568;-1.49644575;2020-03-04T23:40:20;19.25;;;7.90;;
32182;SDS011;18684;53.34767568;-1.49644575;2020-03-04T23:42:46;18.73;;;8.38;;
32182;SDS011;18684;53.34767568;-1.49644575;2020-03-04T23:45:12;21.55;;;8.88;;
32182;SDS011;18684;53.34767568;-1.49644575;2020-03-04T23:47:37;21.80;;;8.98;;
32182;SDS011;18684;53.34767568;-1.49644575;2020-03-04T23:50:03;18.92;;;9.07;;
32182;SDS011;18684;53.34767568;-1.49644575;2020-03-04T23:52:32;22.85;;;8.75;;
32182;SDS011;18684;53.34767568;-1.49644575;2020-03-04T23:54:57;26.25;;;9.57;;
32182;SDS011;18684;53.34767568;-1.49644575;2020-03-04T23:57:23;16.65;;;8.32;;
32182;SDS011;18684;53.34767568;-1.49644575;2020-03-04T23:59:50;25.48;;;8.30;;
